nodes,edges,inner radius,outer radius,minimum distance,maximum distance,crossings
50,1225,0.00,19.36,0.40,37.16,168546
50,1225,0.00,38.23,0.79,73.36,168654
50,1225,0.00,38.23,0.79,73.36,168654
50,1225,0.00,38.23,0.79,73.36,168654
50,1225,0.00,38.23,0.29,72.85,158716
50,1225,0.00,48.99,0.37,93.34,158756
50,1225,0.00,48.99,0.37,93.34,158756
50,1225,0.00,48.99,0.37,93.34,158756
50,1225,0.00,48.99,0.79,97.34,168488
50,1225,0.00,37.77,0.61,75.06,168475
50,1225,0.00,37.77,0.61,75.06,168475
50,1225,0.00,37.77,0.61,75.06,168475
50,1225,0.00,37.77,0.61,75.06,168475
50,1225,0.00,37.77,0.17,72.54,164531
50,1225,0.00,0.93,0.00,1.79,164525
50,1225,0.00,0.93,0.00,1.79,164525
50,1225,0.00,0.93,0.00,1.79,164525
50,1225,0.00,0.93,0.03,1.77,166705
50,1225,0.00,33.75,0.92,63.94,166878
50,1225,0.00,33.75,0.92,63.94,166878
50,1225,0.00,33.75,0.92,63.94,166878
50,1225,0.00,33.75,0.67,65.93,167126
50,1225,0.00,42.30,0.84,82.64,167253
50,1225,0.00,42.30,0.84,82.64,167253
50,1225,0.00,42.30,0.84,82.64,167253
50,1225,0.00,42.30,1.96,80.30,166800
50,1225,0.00,42.55,1.97,80.78,166788
50,1225,0.00,42.55,1.97,80.78,166788
50,1225,0.00,42.55,1.97,80.78,166788
50,1225,0.00,42.55,1.97,80.78,166788
50,1225,0.00,42.55,1.19,78.76,164399
50,1225,0.00,32.30,0.91,59.78,164356
50,1225,0.00,32.30,0.91,59.78,164356
50,1225,0.00,32.30,0.91,59.78,164356
50,1225,0.00,32.30,0.90,63.60,173024
50,1225,0.00,32.09,0.90,63.19,173026
50,1225,0.00,32.09,0.90,63.19,173026
50,1225,0.00,32.09,0.90,63.19,173026
50,1225,0.00,32.09,0.91,59.92,158506
50,1225,0.00,41.51,1.18,77.49,158575
50,1225,0.00,41.51,1.18,77.49,158575
50,1225,0.00,41.51,1.18,77.49,158575
50,1225,0.00,41.51,1.31,80.94,159789
50,1225,0.00,18.30,0.58,35.69,159692
50,1225,0.00,18.30,0.58,35.69,159692
50,1225,0.00,18.30,0.58,35.69,159692
50,1225,0.00,18.30,0.58,35.69,159692
50,1225,0.00,18.30,0.36,35.51,158241
50,1225,0.00,34.16,0.68,66.27,158322
50,1225,0.00,34.16,0.68,66.27,158322
50,1225,0.00,34.16,0.68,66.27,158322
50,1225,0.00,34.16,0.67,65.25,169498
50,1225,0.00,49.48,0.97,94.52,169611
50,1225,0.00,49.48,0.97,94.52,169611
50,1225,0.00,49.48,0.97,94.52,169611
50,1225,0.00,49.48,1.24,96.01,163609
50,1225,0.00,40.67,1.02,78.92,163590
50,1225,0.00,40.67,1.02,78.92,163590
50,1225,0.00,40.67,1.02,78.92,163590
50,1225,0.00,40.67,0.70,78.67,155021
50,1225,0.00,33.32,0.57,64.44,155046
50,1225,0.00,33.32,0.57,64.44,155046
50,1225,0.00,33.32,0.57,64.44,155046
50,1225,0.00,33.32,0.57,64.44,155046
50,1225,0.00,33.32,0.45,62.09,165311
50,1225,0.00,25.08,0.34,46.74,165316
50,1225,0.00,25.08,0.34,46.74,165316
50,1225,0.00,25.08,0.34,46.74,165316
50,1225,0.00,25.08,0.38,49.16,161507
50,1225,0.00,8.25,0.12,16.17,161357
50,1225,0.00,8.25,0.12,16.17,161357
50,1225,0.00,8.25,0.12,16.17,161357
50,1225,0.00,8.25,0.19,15.58,173188
50,1225,0.00,9.04,0.21,17.07,173177
50,1225,0.00,9.04,0.21,17.07,173177
50,1225,0.00,9.04,0.21,17.07,173177
50,1225,0.00,9.04,0.20,17.24,160367
50,1225,0.00,37.80,0.84,72.10,160523
50,1225,0.00,37.80,0.84,72.10,160523
50,1225,0.00,37.80,0.84,72.10,160523
50,1225,0.00,37.80,0.84,72.10,160523
50,1225,0.00,37.80,0.90,74.13,161360
50,1225,0.00,35.11,0.83,68.85,161336
50,1225,0.00,35.11,0.83,68.85,161336
50,1225,0.00,35.11,0.83,68.85,161336
50,1225,0.00,35.11,1.12,69.11,163222
50,1225,0.00,15.19,0.48,29.89,163108
50,1225,0.00,15.19,0.48,29.89,163108
50,1225,0.00,15.19,0.48,29.89,163108
50,1225,0.00,15.19,0.98,30.02,157972
50,1225,0.00,26.59,1.72,52.56,158069
50,1225,0.00,26.59,1.72,52.56,158069
50,1225,0.00,26.59,1.72,52.56,158069
50,1225,0.00,26.59,1.72,52.56,158069
50,1225,0.00,26.59,0.84,51.47,169236
50,1225,0.00,31.71,1.00,61.39,169270
50,1225,0.00,31.71,1.00,61.39,169270
50,1225,0.00,31.71,1.00,61.39,169270
50,1225,0.00,31.71,1.02,60.65,174787
50,1225,0.00,30.05,0.96,57.47,174785
50,1225,0.00,30.05,0.96,57.47,174785
50,1225,0.00,30.05,0.96,57.47,174785
50,1225,0.00,30.05,0.24,59.27,156271
50,1225,0.00,42.65,0.35,84.11,156371
50,1225,0.00,42.65,0.35,84.11,156371
50,1225,0.00,42.65,0.35,84.11,156371
50,1225,0.00,42.65,1.01,83.57,168589
50,1225,0.00,33.73,0.80,66.10,168571
50,1225,0.00,33.73,0.80,66.10,168571
50,1225,0.00,33.73,0.80,66.10,168571
50,1225,0.00,33.73,0.80,66.10,168571
50,1225,0.00,33.73,1.06,65.98,165111
50,1225,0.00,46.47,1.46,90.90,165189
50,1225,0.00,46.47,1.46,90.90,165189
50,1225,0.00,46.47,1.46,90.90,165189
50,1225,0.00,46.47,0.90,87.39,181796
50,1225,0.00,22.44,0.44,42.20,181613
50,1225,0.00,22.44,0.44,42.20,181613
50,1225,0.00,22.44,0.44,42.20,181613
50,1225,0.00,22.44,0.73,43.32,165905
50,1225,0.00,49.10,1.61,94.80,166005
50,1225,0.00,49.10,1.61,94.80,166005
50,1225,0.00,49.10,1.61,94.80,166005
50,1225,0.00,49.10,0.63,96.30,163821
50,1225,0.00,45.08,0.57,88.42,163751
50,1225,0.00,45.08,0.57,88.42,163751
50,1225,0.00,45.08,0.57,88.42,163751
50,1225,0.00,45.08,0.57,88.42,163751
50,1225,0.00,45.08,1.31,87.30,163645
50,1225,0.00,8.12,0.24,15.72,163425
50,1225,0.00,8.12,0.24,15.72,163425
50,1225,0.00,8.12,0.24,15.72,163425
50,1225,0.00,8.12,0.44,15.91,154162
50,1225,0.00,12.99,0.70,25.45,154186
50,1225,0.00,12.99,0.70,25.45,154186
50,1225,0.00,12.99,0.70,25.45,154186
50,1225,0.00,12.99,0.04,24.90,159880
50,1225,0.00,37.83,0.12,72.52,160046
50,1225,0.00,37.83,0.12,72.52,160046
50,1225,0.00,37.83,0.12,72.52,160046
50,1225,0.00,37.83,0.12,72.52,160046
50,1225,0.00,37.83,1.34,73.15,158544
50,1225,0.00,10.80,0.38,20.89,158390
50,1225,0.00,10.80,0.38,20.89,158390
50,1225,0.00,10.80,0.38,20.89,158390
50,1225,0.00,10.80,0.22,20.21,161522
50,1225,0.00,20.87,0.42,39.04,161590
50,1225,0.00,20.87,0.42,39.04,161590
50,1225,0.00,20.87,0.42,39.04,161590
50,1225,0.00,20.87,0.25,40.47,163851
50,1225,0.00,14.06,0.17,27.27,163806
50,1225,0.00,14.06,0.17,27.27,163806
50,1225,0.00,14.06,0.17,27.27,163806
50,1225,0.00,14.06,0.35,27.29,156530
50,1225,0.00,9.02,0.23,17.50,156477
50,1225,0.00,9.02,0.23,17.50,156477
50,1225,0.00,9.02,0.23,17.50,156477
50,1225,0.00,9.02,0.23,17.50,156477
50,1225,0.00,9.02,0.26,17.84,165062
50,1225,0.00,6.88,0.20,13.61,165026
50,1225,0.00,6.88,0.20,13.61,165026
50,1225,0.00,6.88,0.20,13.61,165026
50,1225,0.00,6.88,0.02,13.25,165204
50,1225,0.00,44.48,0.14,85.64,165479
50,1225,0.00,44.48,0.14,85.64,165479
50,1225,0.00,44.48,0.14,85.64,165479
50,1225,0.00,44.48,1.02,83.24,154931
50,1225,0.00,6.91,0.16,12.94,154729
50,1225,0.00,6.91,0.16,12.94,154729
50,1225,0.00,6.91,0.16,12.94,154729
50,1225,0.00,6.91,0.09,13.49,161690
50,1225,0.00,40.59,0.56,79.19,161892
50,1225,0.00,40.59,0.56,79.19,161892
50,1225,0.00,40.59,0.56,79.19,161892
50,1225,0.00,40.59,0.56,79.19,161892
50,1225,0.00,40.59,0.61,77.24,158081
50,1225,0.00,8.14,0.12,15.50,157869
50,1225,0.00,8.14,0.12,15.50,157869
50,1225,0.00,8.14,0.12,15.50,157869
50,1225,0.00,8.14,0.06,15.55,167490
50,1225,0.00,37.73,0.26,72.03,167602
50,1225,0.00,37.73,0.26,72.03,167602
50,1225,0.00,37.73,0.26,72.03,167602
50,1225,0.00,37.73,0.36,73.01,162034
50,1225,0.00,15.39,0.15,29.79,161923
50,1225,0.00,15.39,0.15,29.79,161923
50,1225,0.00,15.39,0.15,29.79,161923
50,1225,0.00,15.39,0.26,29.89,162408
50,1225,0.00,8.30,0.14,16.12,162353
50,1225,0.00,8.30,0.14,16.12,162353
50,1225,0.00,8.30,0.14,16.12,162353
50,1225,0.00,8.30,0.14,16.12,162353
50,1225,0.00,8.30,0.12,16.16,164455
50,1225,0.00,39.79,0.56,77.45,164623
50,1225,0.00,39.79,0.56,77.45,164623
50,1225,0.00,39.79,0.56,77.45,164623
50,1225,0.00,39.79,1.48,77.21,168444
50,1225,0.00,19.49,0.73,37.81,168283
50,1225,0.00,19.49,0.73,37.81,168283
50,1225,0.00,19.49,0.73,37.81,168283
50,1225,0.00,19.49,0.65,37.48,164452
50,1225,0.00,18.27,0.61,35.15,164467
50,1225,0.00,18.27,0.61,35.15,164467
50,1225,0.00,18.27,0.61,35.15,164467
50,1225,0.00,18.27,0.61,35.15,164467
50,1225,0.00,18.27,0.21,33.25,158811
50,1225,0.00,49.58,0.58,90.20,158993
50,1225,0.00,49.58,0.58,90.20,158993
50,1225,0.00,49.58,0.58,90.20,158993
50,1225,0.00,49.58,2.43,97.21,164481
50,1225,0.00,41.96,2.06,82.28,164491
50,1225,0.00,41.96,2.06,82.28,164491
50,1225,0.00,41.96,2.06,82.28,164491
50,1225,0.00,41.96,1.30,81.45,162113
50,1225,0.00,31.78,0.99,61.69,162110
50,1225,0.00,31.78,0.99,61.69,162110
50,1225,0.00,31.78,0.99,61.69,162110
50,1225,0.00,31.78,0.77,62.57,152229
50,1225,0.00,7.26,0.18,14.29,152142
50,1225,0.00,7.26,0.18,14.29,152142
50,1225,0.00,7.26,0.18,14.29,152142
50,1225,0.00,7.26,0.18,14.29,152142
50,1225,0.00,7.26,0.31,14.33,156850
50,1225,0.00,44.40,1.89,87.65,156994
50,1225,0.00,44.40,1.89,87.65,156994
50,1225,0.00,44.40,1.89,87.65,156994
50,1225,0.00,44.40,1.02,85.04,161595
50,1225,0.00,17.72,0.41,33.93,161402
50,1225,0.00,17.72,0.41,33.93,161402
50,1225,0.00,17.72,0.41,33.93,161402
50,1225,0.00,17.72,0.31,34.16,164765
50,1225,0.00,18.16,0.31,35.02,164782
50,1225,0.00,18.16,0.31,35.02,164782
50,1225,0.00,18.16,0.31,35.02,164782
50,1225,0.00,18.16,0.51,34.05,163491
50,1225,0.00,35.96,1.00,67.43,163602
50,1225,0.00,35.96,1.00,67.43,163602
50,1225,0.00,35.96,1.00,67.43,163602
50,1225,0.00,35.96,1.00,67.43,163602
50,1225,0.00,35.96,1.53,67.64,160307
50,1225,0.00,7.01,0.30,13.19,160187
50,1225,0.00,7.01,0.30,13.19,160187
50,1225,0.00,7.01,0.30,13.19,160187
50,1225,0.00,7.01,0.09,13.48,161449
50,1225,0.00,32.43,0.41,62.35,161538
50,1225,0.00,32.43,0.41,62.35,161538
50,1225,0.00,32.43,0.41,62.35,161538
50,1225,0.00,32.43,0.60,63.64,164086
50,1225,0.00,6.80,0.13,13.35,163891
50,1225,0.00,6.80,0.13,13.35,163891
50,1225,0.00,6.80,0.13,13.35,163891
50,1225,0.00,6.80,0.17,12.85,165260
50,1225,0.00,4.18,0.11,7.89,165246
50,1225,0.00,4.18,0.11,7.89,165246
50,1225,0.00,4.18,0.11,7.89,165246
50,1225,0.00,4.18,0.12,7.79,163372
50,1225,0.00,39.56,1.13,73.81,163583
50,1225,0.00,39.56,1.13,73.81,163583
50,1225,0.00,39.56,1.13,73.81,163583
50,1225,0.00,39.56,1.13,73.81,163583
50,1225,0.00,39.56,1.31,76.21,170127
50,1225,0.00,29.94,0.99,57.68,170104
50,1225,0.00,29.94,0.99,57.68,170104
50,1225,0.00,29.94,0.99,57.68,170104
50,1225,0.00,29.94,0.39,57.86,160473
50,1225,0.00,17.96,0.23,34.72,160393
50,1225,0.00,17.96,0.23,34.72,160393
50,1225,0.00,17.96,0.23,34.72,160393
50,1225,0.00,17.96,0.44,34.16,162835
50,1225,0.00,18.62,0.46,35.40,162834
50,1225,0.00,18.62,0.46,35.40,162834
50,1225,0.00,18.62,0.46,35.40,162834
50,1225,0.00,18.62,0.46,35.40,162834
50,1225,0.00,18.62,0.08,35.51,161413
50,1225,0.00,10.25,0.04,19.55,161351
50,1225,0.00,10.25,0.04,19.55,161351
50,1225,0.00,10.25,0.04,19.55,161351
50,1225,0.00,10.25,0.28,19.61,174908
50,1225,0.00,24.58,0.68,47.01,175001
50,1225,0.00,24.58,0.68,47.01,175001
50,1225,0.00,24.58,0.68,47.01,175001
50,1225,0.00,24.58,0.07,48.06,163550
50,1225,0.00,46.53,0.14,90.99,163668
50,1225,0.00,46.53,0.14,90.99,163668
50,1225,0.00,46.53,0.14,90.99,163668
50,1225,0.00,46.53,2.05,89.73,169436
50,1225,0.00,5.94,0.26,11.45,169152
50,1225,0.00,5.94,0.26,11.45,169152
50,1225,0.00,5.94,0.26,11.45,169152
50,1225,0.00,5.94,0.26,11.45,169152
50,1225,0.00,5.94,0.23,11.61,159194
50,1225,0.00,26.79,1.03,52.38,159275
50,1225,0.00,26.79,1.03,52.38,159275
50,1225,0.00,26.79,1.03,52.38,159275
50,1225,0.00,26.79,0.59,50.64,161256
50,1225,0.00,26.02,0.58,49.19,161283
50,1225,0.00,26.02,0.58,49.19,161283
50,1225,0.00,26.02,0.58,49.19,161283
50,1225,0.00,26.02,0.92,49.33,160864
50,1225,0.00,29.79,1.05,56.47,160872
50,1225,0.00,29.79,1.05,56.47,160872
50,1225,0.00,29.79,1.05,56.47,160872
50,1225,0.00,29.79,1.64,57.50,165292
50,1225,0.00,46.67,2.56,90.08,165383
50,1225,0.00,46.67,2.56,90.08,165383
50,1225,0.00,46.67,2.56,90.08,165383
50,1225,0.00,46.67,2.56,90.08,165383
50,1225,0.00,46.67,0.68,89.92,163061
50,1225,0.00,8.23,0.12,15.85,162813
50,1225,0.00,8.23,0.12,15.85,162813
50,1225,0.00,8.23,0.12,15.85,162813
50,1225,0.00,8.23,0.26,16.00,165795
50,1225,0.00,19.31,0.61,37.56,165866
50,1225,0.00,19.31,0.61,37.56,165866
50,1225,0.00,19.31,0.61,37.56,165866
50,1225,0.00,19.31,0.34,37.02,153921
50,1225,0.00,37.99,0.66,72.82,154042
50,1225,0.00,37.99,0.66,72.82,154042
50,1225,0.00,37.99,0.66,72.82,154042
50,1225,0.00,37.99,1.45,75.08,163760
50,1225,0.00,13.11,0.50,25.91,163637
50,1225,0.00,13.11,0.50,25.91,163637
50,1225,0.00,13.11,0.50,25.91,163637
50,1225,0.00,13.11,0.50,25.91,163637
50,1225,0.00,13.11,0.43,25.01,163919
50,1225,0.00,44.41,1.47,84.71,164103
50,1225,0.00,44.41,1.47,84.71,164103
50,1225,0.00,44.41,1.47,84.71,164103
50,1225,0.00,44.41,0.53,84.40,167017
50,1225,0.00,25.15,0.30,47.79,166920
50,1225,0.00,25.15,0.30,47.79,166920
50,1225,0.00,25.15,0.30,47.79,166920
50,1225,0.00,25.15,0.79,48.51,166270
50,1225,0.00,37.10,1.16,71.55,166358
50,1225,0.00,37.10,1.16,71.55,166358
50,1225,0.00,37.10,1.16,71.55,166358
50,1225,0.00,37.10,1.16,71.55,166358
50,1225,0.00,37.10,0.68,72.47,163939
50,1225,0.00,38.14,0.70,74.51,163996
50,1225,0.00,38.14,0.70,74.51,163996
50,1225,0.00,38.14,0.70,74.51,163996
50,1225,0.00,38.14,0.71,73.39,164506
50,1225,0.00,33.36,0.63,64.20,164480
50,1225,0.00,33.36,0.63,64.20,164480
50,1225,0.00,33.36,0.63,64.20,164480
50,1225,0.00,33.36,1.17,61.41,159385
50,1225,0.00,27.56,0.96,50.74,159379
50,1225,0.00,27.56,0.96,50.74,159379
50,1225,0.00,27.56,0.96,50.74,159379
50,1225,0.00,27.56,1.43,53.21,158614
50,1225,0.00,37.72,1.95,72.83,158670
50,1225,0.00,37.72,1.95,72.83,158670
50,1225,0.00,37.72,1.95,72.83,158670
50,1225,0.00,37.72,1.95,72.83,158670
50,1225,0.00,37.72,1.45,72.31,157349
50,1225,0.00,31.58,1.22,60.55,157284
50,1225,0.00,31.58,1.22,60.55,157284
50,1225,0.00,31.58,1.22,60.55,157284
50,1225,0.00,31.58,0.24,59.78,159885
50,1225,0.00,22.86,0.17,43.28,159850
50,1225,0.00,22.86,0.17,43.28,159850
50,1225,0.00,22.86,0.17,43.28,159850
50,1225,0.00,22.86,1.05,44.74,164617
50,1225,0.00,34.26,1.57,67.05,164664
50,1225,0.00,34.26,1.57,67.05,164664
50,1225,0.00,34.26,1.57,67.05,164664
50,1225,0.00,34.26,0.97,65.93,164551
50,1225,0.00,46.47,1.32,89.42,164614
50,1225,0.00,46.47,1.32,89.42,164614
50,1225,0.00,46.47,1.32,89.42,164614
50,1225,0.00,46.47,1.32,89.42,164614
50,1225,0.00,46.47,0.54,86.92,168003
50,1225,0.00,20.11,0.23,37.61,167862
50,1225,0.00,20.11,0.23,37.61,167862
50,1225,0.00,20.11,0.23,37.61,167862
50,1225,0.00,20.11,0.24,38.44,161646
50,1225,0.00,22.18,0.27,42.41,161649
50,1225,0.00,22.18,0.27,42.41,161649
50,1225,0.00,22.18,0.27,42.41,161649
50,1225,0.00,22.18,0.92,43.36,159451
50,1225,0.00,23.76,0.98,46.44,159446
50,1225,0.00,23.76,0.98,46.44,159446
50,1225,0.00,23.76,0.98,46.44,159446
50,1225,0.00,23.76,0.67,46.29,161062
50,1225,0.00,29.43,0.83,57.35,161085
50,1225,0.00,29.43,0.83,57.35,161085
50,1225,0.00,29.43,0.83,57.35,161085
50,1225,0.00,29.43,0.83,57.35,161085
50,1225,0.00,29.43,0.90,56.01,158024
50,1225,0.00,40.04,1.23,76.19,158116
50,1225,0.00,40.04,1.23,76.19,158116
50,1225,0.00,40.04,1.23,76.19,158116
50,1225,0.00,40.04,0.47,74.69,159074
50,1225,0.00,1.65,0.02,3.08,158836
50,1225,0.00,1.65,0.02,3.08,158836
50,1225,0.00,1.65,0.02,3.08,158836
50,1225,0.00,1.65,0.03,3.16,169576
50,1225,0.00,33.25,0.51,63.49,169644
50,1225,0.00,33.25,0.51,63.49,169644
50,1225,0.00,33.25,0.51,63.49,169644
50,1225,0.00,33.25,0.51,63.49,169644
50,1225,0.00,33.25,1.05,63.46,160864
50,1225,0.00,36.21,1.14,69.12,160891
50,1225,0.00,36.21,1.14,69.12,160891
50,1225,0.00,36.21,1.14,69.12,160891
50,1225,0.00,36.21,0.89,71.29,162841
50,1225,0.00,49.70,1.23,97.86,162896
50,1225,0.00,49.70,1.23,97.86,162896
50,1225,0.00,49.70,1.23,97.86,162896
50,1225,0.00,49.70,0.81,95.98,162889
50,1225,0.00,44.35,0.72,85.64,162856
50,1225,0.00,44.35,0.72,85.64,162856
50,1225,0.00,44.35,0.72,85.64,162856
50,1225,0.00,44.35,1.93,86.90,171660
50,1225,0.00,44.08,1.92,86.37,171681
50,1225,0.00,44.08,1.92,86.37,171681
50,1225,0.00,44.08,1.92,86.37,171681
50,1225,0.00,44.08,1.92,86.37,171681
50,1225,0.00,44.08,1.36,84.86,161392
50,1225,0.00,30.82,0.95,59.33,161364
50,1225,0.00,30.82,0.95,59.33,161364
50,1225,0.00,30.82,0.95,59.33,161364
50,1225,0.00,30.82,1.01,59.34,164107
50,1225,0.00,34.55,1.13,66.51,164051
50,1225,0.00,34.55,1.13,66.51,164051
50,1225,0.00,34.55,1.13,66.51,164051
50,1225,0.00,34.55,0.77,65.72,159320
50,1225,0.00,6.65,0.15,12.65,159133
50,1225,0.00,6.65,0.15,12.65,159133
50,1225,0.00,6.65,0.15,12.65,159133
50,1225,0.00,6.65,0.20,12.97,159817
50,1225,0.00,28.44,0.84,55.47,159988
50,1225,0.00,28.44,0.84,55.47,159988
50,1225,0.00,28.44,0.84,55.47,159988
50,1225,0.00,28.44,0.84,55.47,159988
50,1225,0.00,28.44,0.81,53.76,174041
50,1225,0.00,1.60,0.05,3.03,173840
50,1225,0.00,1.60,0.05,3.03,173840
50,1225,0.00,1.60,0.05,3.03,173840
50,1225,0.00,1.60,0.05,3.08,160801
50,1225,0.00,13.70,0.45,26.35,160783
50,1225,0.00,13.70,0.45,26.35,160783
50,1225,0.00,13.70,0.45,26.35,160783
50,1225,0.00,13.70,0.32,27.19,166880
50,1225,0.00,45.52,1.06,90.33,167066
50,1225,0.00,45.52,1.06,90.33,167066
50,1225,0.00,45.52,1.06,90.33,167066
50,1225,0.00,45.52,1.06,90.33,167066
50,1225,0.00,45.52,1.28,86.28,162063
50,1225,0.00,19.15,0.54,36.30,161873
50,1225,0.00,19.15,0.54,36.30,161873
50,1225,0.00,19.15,0.54,36.30,161873
50,1225,0.00,19.15,0.37,37.99,161937
50,1225,0.00,31.04,0.60,61.56,162022
50,1225,0.00,31.04,0.60,61.56,162022
50,1225,0.00,31.04,0.60,61.56,162022
50,1225,0.00,31.04,0.83,56.20,157889
50,1225,0.00,42.88,1.15,77.65,157971
50,1225,0.00,42.88,1.15,77.65,157971
50,1225,0.00,42.88,1.15,77.65,157971
50,1225,0.00,42.88,1.29,82.39,163317
50,1225,0.00,6.71,0.20,12.89,163182
50,1225,0.00,6.71,0.20,12.89,163182
50,1225,0.00,6.71,0.20,12.89,163182
50,1225,0.00,6.71,0.20,12.89,163182
50,1225,0.00,6.71,0.07,12.51,164745
50,1225,0.00,34.68,0.36,64.72,164813
50,1225,0.00,34.68,0.36,64.72,164813
50,1225,0.00,34.68,0.36,64.72,164813
50,1225,0.00,34.68,0.83,67.20,168568
50,1225,0.00,26.38,0.63,51.11,168537
50,1225,0.00,26.38,0.63,51.11,168537
50,1225,0.00,26.38,0.63,51.11,168537
50,1225,0.00,26.38,0.89,49.20,161003
50,1225,0.00,35.17,1.19,65.60,161058
50,1225,0.00,35.17,1.19,65.60,161058
50,1225,0.00,35.17,1.19,65.60,161058
50,1225,0.00,35.17,1.08,68.64,167693
50,1225,0.00,31.29,0.96,61.08,167683
50,1225,0.00,31.29,0.96,61.08,167683
50,1225,0.00,31.29,0.96,61.08,167683
50,1225,0.00,31.29,0.96,61.08,167683
50,1225,0.00,31.29,0.29,61.28,169416
50,1225,0.00,5.34,0.05,10.45,169226
50,1225,0.00,5.34,0.05,10.45,169226
50,1225,0.00,5.34,0.05,10.45,169226
50,1225,0.00,5.34,0.13,10.19,164995
50,1225,0.00,41.16,1.01,78.55,165190
50,1225,0.00,41.16,1.01,78.55,165190
50,1225,0.00,41.16,1.01,78.55,165190
50,1225,0.00,41.16,0.91,76.77,167998
50,1225,0.00,5.18,0.11,9.65,167789
50,1225,0.00,5.18,0.11,9.65,167789
50,1225,0.00,5.18,0.11,9.65,167789
50,1225,0.00,5.18,0.11,9.65,167789
50,1225,0.00,5.18,0.04,9.88,163029
50,1225,0.00,13.10,0.11,25.00,163060
50,1225,0.00,13.10,0.11,25.00,163060
50,1225,0.00,13.10,0.11,25.00,163060
50,1225,0.00,13.10,0.42,25.57,168346
50,1225,0.00,25.10,0.81,48.99,168418
50,1225,0.00,25.10,0.81,48.99,168418
50,1225,0.00,25.10,0.81,48.99,168418
50,1225,0.00,25.10,0.34,48.37,168784
50,1225,0.00,21.00,0.28,40.48,168796
50,1225,0.00,21.00,0.28,40.48,168796
50,1225,0.00,21.00,0.28,40.48,168796
50,1225,0.00,21.00,0.61,39.94,168426
50,1225,0.00,4.26,0.12,8.10,168382
50,1225,0.00,4.26,0.12,8.10,168382
50,1225,0.00,4.26,0.12,8.10,168382
50,1225,0.00,4.26,0.12,8.10,168382
50,1225,0.00,4.26,0.05,8.21,156707
50,1225,0.00,16.54,0.20,31.90,156786
50,1225,0.00,16.54,0.20,31.90,156786
50,1225,0.00,16.54,0.20,31.90,156786
50,1225,0.00,16.54,1.15,31.46,172622
50,1225,0.00,36.15,2.51,68.75,172746
50,1225,0.00,36.15,2.51,68.75,172746
50,1225,0.00,36.15,2.51,68.75,172746
50,1225,0.00,36.15,0.41,70.24,158733
50,1225,0.00,11.79,0.13,22.90,158579
50,1225,0.00,11.79,0.13,22.90,158579
50,1225,0.00,11.79,0.13,22.90,158579
50,1225,0.00,11.79,0.30,22.39,162498
50,1225,0.00,43.71,1.12,83.04,162687
50,1225,0.00,43.71,1.12,83.04,162687
50,1225,0.00,43.71,1.12,83.04,162687
50,1225,0.00,43.71,1.12,83.04,162687
50,1225,0.00,43.71,0.86,82.48,160045
50,1225,0.00,17.05,0.33,32.17,159834
50,1225,0.00,17.05,0.33,32.17,159834
50,1225,0.00,17.05,0.33,32.17,159834
50,1225,0.00,17.05,0.15,32.94,159629
50,1225,0.00,19.14,0.17,36.99,159637
50,1225,0.00,19.14,0.17,36.99,159637
50,1225,0.00,19.14,0.17,36.99,159637
50,1225,0.00,19.14,0.29,37.26,167042
50,1225,0.00,37.19,0.56,72.40,167146
50,1225,0.00,37.19,0.56,72.40,167146
50,1225,0.00,37.19,0.56,72.40,167146
50,1225,0.00,37.19,1.04,72.69,166608
50,1225,0.00,6.97,0.20,13.62,166371
50,1225,0.00,6.97,0.20,13.62,166371
50,1225,0.00,6.97,0.20,13.62,166371
50,1225,0.00,6.97,0.27,13.58,159550
50,1225,0.00,34.63,1.35,67.47,159757
50,1225,0.00,34.63,1.35,67.47,159757
50,1225,0.00,34.63,1.35,67.47,159757
50,1225,0.00,34.63,1.35,67.47,159757
50,1225,0.00,34.63,0.25,66.28,159282
50,1225,0.00,9.67,0.07,18.51,159127
50,1225,0.00,9.67,0.07,18.51,159127
50,1225,0.00,9.67,0.07,18.51,159127
50,1225,0.00,9.67,0.25,18.78,161732
50,1225,0.00,30.80,0.79,59.83,161874
50,1225,0.00,30.80,0.79,59.83,161874
50,1225,0.00,30.80,0.79,59.83,161874
50,1225,0.00,30.80,1.11,57.80,165734
50,1225,0.00,23.24,0.84,43.62,165706
50,1225,0.00,23.24,0.84,43.62,165706
50,1225,0.00,23.24,0.84,43.62,165706
50,1225,0.00,23.24,0.84,43.62,165706
50,1225,0.00,23.24,0.78,45.04,157010
50,1225,0.00,42.25,1.41,81.89,157217
50,1225,0.00,42.25,1.41,81.89,157217
50,1225,0.00,42.25,1.41,81.89,157217
50,1225,0.00,42.25,2.50,79.16,163686
50,1225,0.00,32.12,1.90,60.18,163619
50,1225,0.00,32.12,1.90,60.18,163619
50,1225,0.00,32.12,1.90,60.18,163619
50,1225,0.00,32.12,0.88,61.93,163038
50,1225,0.00,30.97,0.85,59.72,162994
50,1225,0.00,30.97,0.85,59.72,162994
50,1225,0.00,30.97,0.85,59.72,162994
50,1225,0.00,30.97,0.89,59.31,159916
50,1225,0.00,30.19,0.87,57.83,159922
50,1225,0.00,30.19,0.87,57.83,159922
50,1225,0.00,30.19,0.87,57.83,159922
50,1225,0.00,30.19,0.87,57.83,159922
50,1225,0.00,30.19,0.74,57.94,160495
50,1225,0.00,25.82,0.63,49.55,160493
50,1225,0.00,25.82,0.63,49.55,160493
50,1225,0.00,25.82,0.63,49.55,160493
50,1225,0.00,25.82,0.51,49.76,163694
50,1225,0.00,47.47,0.93,91.47,163792
50,1225,0.00,47.47,0.93,91.47,163792
50,1225,0.00,47.47,0.93,91.47,163792
50,1225,0.00,47.47,1.48,93.38,162496
50,1225,0.00,18.93,0.59,37.24,162334
50,1225,0.00,18.93,0.59,37.24,162334
50,1225,0.00,18.93,0.59,37.24,162334
50,1225,0.00,18.93,0.24,37.54,150428
50,1225,0.00,8.66,0.11,17.16,150318
50,1225,0.00,8.66,0.11,17.16,150318
50,1225,0.00,8.66,0.11,17.16,150318
50,1225,0.00,8.66,0.04,16.65,159303
50,1225,0.00,12.03,0.05,23.13,159347
50,1225,0.00,12.03,0.05,23.13,159347
50,1225,0.00,12.03,0.05,23.13,159347
50,1225,0.00,12.03,0.05,23.13,159347
50,1225,0.00,12.03,0.26,22.84,154856
50,1225,0.00,10.05,0.21,19.08,154841
50,1225,0.00,10.05,0.21,19.08,154841
50,1225,0.00,10.05,0.21,19.08,154841
50,1225,0.00,10.05,0.59,18.72,167579
50,1225,0.00,40.10,2.34,74.72,167719
50,1225,0.00,40.10,2.34,74.72,167719
50,1225,0.00,40.10,2.34,74.72,167719
50,1225,0.00,40.10,0.47,75.22,164812
50,1225,0.00,4.95,0.06,9.28,164686
50,1225,0.00,4.95,0.06,9.28,164686
50,1225,0.00,4.95,0.06,9.28,164686
50,1225,0.00,4.95,0.24,9.62,158701
50,1225,0.00,12.72,0.60,24.73,158768
50,1225,0.00,12.72,0.60,24.73,158768
50,1225,0.00,12.72,0.60,24.73,158768
50,1225,0.00,12.72,0.31,24.66,164526
50,1225,0.00,19.46,0.47,37.72,164477
50,1225,0.00,19.46,0.47,37.72,164477
50,1225,0.00,19.46,0.47,37.72,164477
50,1225,0.00,19.46,0.35,38.29,169810
50,1225,0.00,17.35,0.31,34.15,169781
50,1225,0.00,17.35,0.31,34.15,169781
50,1225,0.00,17.35,0.31,34.15,169781
50,1225,0.00,17.35,0.38,32.62,160172
50,1225,0.00,32.08,0.70,60.29,160254
50,1225,0.00,32.08,0.70,60.29,160254
50,1225,0.00,32.08,0.70,60.29,160254
50,1225,0.00,32.08,0.77,62.15,163086
50,1225,0.00,42.07,1.01,81.51,163157
50,1225,0.00,42.07,1.01,81.51,163157
50,1225,0.00,42.07,1.01,81.51,163157
50,1225,0.00,42.07,1.01,81.51,163157
50,1225,0.00,42.07,1.90,79.21,160469
50,1225,0.00,7.52,0.34,14.16,160313
50,1225,0.00,7.52,0.34,14.16,160313
50,1225,0.00,7.52,0.34,14.16,160313
50,1225,0.00,7.52,0.14,14.70,162588
50,1225,0.00,46.01,0.85,89.99,162897
50,1225,0.00,46.01,0.85,89.99,162897
50,1225,0.00,46.01,0.85,89.99,162897
50,1225,0.00,46.01,1.07,89.96,163389
50,1225,0.00,32.13,0.75,62.82,163297
50,1225,0.00,32.13,0.75,62.82,163297
50,1225,0.00,32.13,0.75,62.82,163297
50,1225,0.00,32.13,1.13,62.51,164101
50,1225,0.00,4.17,0.15,8.11,163915
50,1225,0.00,4.17,0.15,8.11,163915
50,1225,0.00,4.17,0.15,8.11,163915
50,1225,0.00,4.17,0.07,8.14,160935
50,1225,0.00,36.02,0.59,70.39,161090
50,1225,0.00,36.02,0.59,70.39,161090
50,1225,0.00,36.02,0.59,70.39,161090
50,1225,0.00,36.02,1.08,69.41,164310
50,1225,0.00,13.73,0.41,26.46,164142
50,1225,0.00,13.73,0.41,26.46,164142
50,1225,0.00,13.73,0.41,26.46,164142
50,1225,0.00,13.73,0.38,26.28,167159
50,1225,0.00,26.55,0.73,50.83,167255
50,1225,0.00,26.55,0.73,50.83,167255
50,1225,0.00,26.55,0.73,50.83,167255
50,1225,0.00,26.55,0.68,51.00,161105
50,1225,0.00,26.01,0.67,49.96,161118
50,1225,0.00,26.01,0.67,49.96,161118
50,1225,0.00,26.01,0.67,49.96,161118
50,1225,0.00,26.01,0.23,51.12,159698
50,1225,0.00,44.17,0.40,86.79,159768
50,1225,0.00,44.17,0.40,86.79,159768
50,1225,0.00,44.17,0.40,86.79,159768
50,1225,0.00,44.17,0.07,84.41,166654
50,1225,0.00,29.60,0.05,56.57,166522
50,1225,0.00,29.60,0.05,56.57,166522
50,1225,0.00,29.60,0.05,56.57,166522
50,1225,0.00,29.60,0.44,58.35,168723
50,1225,0.00,26.85,0.40,52.93,168676
50,1225,0.00,26.85,0.40,52.93,168676
50,1225,0.00,26.85,0.40,52.93,168676
50,1225,0.00,26.85,0.81,52.65,168254
50,1225,0.00,5.04,0.15,9.88,168094
50,1225,0.00,5.04,0.15,9.88,168094
50,1225,0.00,5.04,0.15,9.88,168094
50,1225,0.00,5.04,0.16,9.80,159144
50,1225,0.00,46.32,1.51,90.09,159340
50,1225,0.00,46.32,1.51,90.09,159340
50,1225,0.00,46.32,1.51,90.09,159340
50,1225,0.00,46.32,0.23,85.27,158812
50,1225,0.00,48.76,0.24,89.78,158887
50,1225,0.00,48.76,0.24,89.78,158887
50,1225,0.00,48.76,0.24,89.78,158887
50,1225,0.00,48.76,0.33,93.14,162805
50,1225,0.00,34.47,0.24,65.85,162759
50,1225,0.00,34.47,0.24,65.85,162759
50,1225,0.00,34.47,0.24,65.85,162759
50,1225,0.00,34.47,0.46,67.01,166945
50,1225,0.00,24.95,0.33,48.50,166861
50,1225,0.00,24.95,0.33,48.50,166861
50,1225,0.00,24.95,0.33,48.50,166861
50,1225,0.00,24.95,0.16,49.10,164816
50,1225,0.00,36.44,0.24,71.71,164881
50,1225,0.00,36.44,0.24,71.71,164881
50,1225,0.00,36.44,1.70,72.08,165995
50,1225,0.00,7.54,0.35,14.91,165849
50,1225,0.00,7.54,0.35,14.91,165849
50,1225,0.00,7.54,0.35,14.91,165849
50,1225,0.00,7.54,0.14,14.20,161242
50,1225,0.00,47.23,0.85,88.99,161466
50,1225,0.00,47.23,0.85,88.99,161466
50,1225,0.00,47.23,0.85,88.99,161466
50,1225,0.00,47.23,1.73,91.30,153764
50,1225,0.00,35.38,1.29,68.40,153680
50,1225,0.00,35.38,1.29,68.40,153680
50,1225,0.00,35.38,1.29,68.40,153680
50,1225,0.00,35.38,0.83,67.20,160814
50,1225,0.00,40.68,0.95,77.28,160797
50,1225,0.00,40.68,0.95,77.28,160797
50,1225,0.00,40.68,0.95,77.28,160797
50,1225,0.00,40.68,0.60,79.60,164392
50,1225,0.00,2.39,0.03,4.67,164031
50,1225,0.00,2.39,0.03,4.67,164031
50,1225,0.00,2.39,0.03,4.67,164031
50,1225,0.00,2.39,0.05,4.68,158761
50,1225,0.00,37.79,0.72,74.12,158879
50,1225,0.00,37.79,0.72,74.12,158879
50,1225,0.00,37.79,0.72,74.12,158879
50,1225,0.00,37.79,1.86,72.66,164355
50,1225,0.00,5.47,0.27,10.51,164174
50,1225,0.00,5.47,0.27,10.51,164174
50,1225,0.00,5.47,0.27,10.51,164174
50,1225,0.00,5.47,0.27,10.51,164174
50,1225,0.00,5.47,0.06,10.45,159147
50,1225,0.00,35.16,0.39,67.24,159314
50,1225,0.00,35.16,0.39,67.24,159314
50,1225,0.00,35.16,0.39,67.24,159314
50,1225,0.00,35.16,0.56,68.84,159475
50,1225,0.00,8.72,0.14,17.06,159312
50,1225,0.00,8.72,0.14,17.06,159312
50,1225,0.00,8.72,0.14,17.06,159312
50,1225,0.00,8.72,0.13,16.42,159006
50,1225,0.00,4.16,0.06,7.84,159033
50,1225,0.00,4.16,0.06,7.84,159033
50,1225,0.00,4.16,0.06,7.84,159033
50,1225,0.00,4.16,0.05,7.93,169066
50,1225,0.00,44.66,0.56,85.06,169221
50,1225,0.00,44.66,0.56,85.06,169221
50,1225,0.00,44.66,0.56,85.06,169221
50,1225,0.00,44.66,1.30,87.15,160967
50,1225,0.00,49.53,1.45,96.66,160978
50,1225,0.00,49.53,1.45,96.66,160978
50,1225,0.00,49.53,1.45,96.66,160978