nodes,edges,inner radius,outer radius,minimum distance,maximum distance,crossings
54,147,0.00,50.00,1.38,89.22,1729
40,759,0.00,50.00,1.38,94.39,62506
68,2048,0.00,50.00,1.38,96.00,472780
62,413,0.00,50.00,1.27,97.95,19683
87,980,0.00,50.00,2.72,97.95,112411
24,64,0.00,50.00,7.12,90.22,403
87,2711,0.00,50.00,1.27,99.16,863121
60,1197,0.00,50.00,3.08,97.10,151446
41,477,0.00,50.00,3.55,94.90,23506
59,705,0.00,50.00,3.55,97.10,50215
23,222,0.00,50.00,4.23,94.38,4641
62,1217,0.00,50.00,3.08,97.10,157540
73,1502,0.00,50.00,3.08,97.10,242953
24,258,0.00,50.00,4.15,88.27,7173
55,1125,0.00,50.00,0.32,95.65,139688
61,196,0.00,50.00,6.21,91.10,4778
35,350,0.00,50.00,0.32,91.87,14682
31,159,0.00,50.00,0.32,88.76,2897
72,307,0.00,50.00,3.03,88.65,11853
45,119,0.00,50.00,3.31,91.10,1410
43,497,0.00,50.00,0.32,92.88,26493
30,68,0.00,50.00,0.32,78.70,412
67,1351,0.00,50.00,0.89,95.65,211407
77,146,0.00,50.00,6.21,94.19,2072
40,639,0.00,50.00,0.32,93.39,44178
93,1129,0.00,50.00,0.92,95.65,141196
32,47,0.00,50.00,3.15,87.03,164
37,254,0.00,50.00,1.12,87.03,6406
89,3166,0.00,50.00,0.52,93.64,1139937
90,2397,0.00,50.00,0.92,98.81,630111
46,521,0.00,50.00,2.49,97.19,29506
28,278,0.00,50.00,2.49,89.57,7905
79,1046,0.00,50.00,2.31,97.19,122399
30,31,0.00,50.00,5.44,81.07,95
79,1339,0.00,50.00,2.31,97.19,198661
40,180,0.00,50.00,1.65,93.27,3067
69,301,0.00,50.00,1.51,91.11,9592
30,396,0.00,50.00,1.51,98.58,15690
34,499,0.00,50.00,1.51,98.58,25148
34,342,0.00,50.00,1.51,93.27,11513
12,61,0.00,50.00,7.78,76.81,332
40,433,0.00,50.00,1.51,98.58,18620
56,350,0.00,50.00,1.51,95.44,13240
94,3692,0.00,50.00,1.06,98.58,1530744
38,488,0.00,50.00,2.88,89.77,25011
47,336,0.00,50.00,2.53,89.77,12197
64,1181,0.00,50.00,0.35,91.33,151565
72,2128,0.00,50.00,0.35,91.33,501707
64,1259,0.00,50.00,1.22,97.24,177833
90,1480,0.00,50.00,1.22,95.53,252679
12,36,0.00,50.00,2.69,92.18,78
70,182,0.00,50.00,2.69,93.86,2910
50,1121,0.00,50.00,1.22,97.24,140671
10,36,0.00,50.00,7.49,80.98,71
56,848,0.00,50.00,3.13,95.90,76415
66,1759,0.00,50.00,0.29,95.90,331818
74,669,0.00,50.00,3.13,95.90,47009
77,1346,0.00,50.00,0.29,95.90,203822
99,384,0.00,50.00,3.41,97.41,15599
84,1366,0.00,50.00,0.40,98.46,210261
40,319,0.00,50.00,2.20,93.24,9974
84,3032,0.00,50.00,0.40,98.46,1041522
99,4684,0.00,50.00,0.79,96.85,2434992
12,58,0.00,50.00,12.71,97.93,266
52,1301,0.00,50.00,0.48,98.28,176984
35,195,0.00,50.00,0.48,98.28,3743
82,3207,0.00,50.00,0.48,98.28,1136899
70,1710,0.00,50.00,1.39,97.08,329301
82,2159,0.00,50.00,1.37,97.08,534557
27,272,0.00,50.00,1.04,92.46,7752
90,2274,0.00,50.00,0.73,97.47,591577
24,24,0.00,50.00,2.76,81.52,41
48,496,0.00,50.00,2.76,92.86,27931
13,26,0.00,50.00,2.76,86.61,36
88,2002,0.00,50.00,0.77,97.02,443343
94,3836,0.00,50.00,0.69,97.35,1668930
30,119,0.00,50.00,5.55,94.29,1197
71,2010,0.00,50.00,0.68,97.07,434272
79,643,0.00,50.00,2.69,94.10,43617
63,991,0.00,50.00,0.71,97.07,105063
98,2412,0.00,50.00,0.68,97.07,641450
11,13,0.00,50.00,14.08,75.34,12
70,2157,0.00,50.00,0.90,95.86,509746
14,14,0.00,50.00,12.98,67.28,10
40,236,0.00,50.00,4.03,95.06,5656
13,73,0.00,50.00,6.55,89.35,432
91,1876,0.00,50.00,0.91,95.06,373544
49,390,0.00,50.00,1.69,95.38,15760
89,3026,0.00,50.00,0.63,98.96,1014641
41,596,0.00,50.00,0.75,96.62,36767
53,1056,0.00,50.00,0.75,96.62,118351
38,512,0.00,50.00,0.75,96.62,27644
54,860,0.00,50.00,0.75,96.62,80655
25,26,0.00,50.00,14.38,77.75,42
79,2268,0.00,50.00,0.75,96.90,569619
50,1108,0.00,50.00,1.43,91.86,129651
16,92,0.00,50.00,3.53,87.79,834
95,2986,0.00,50.00,0.74,96.57,1008157
37,627,0.00,50.00,1.90,88.26,41921
42,839,0.00,50.00,1.90,97.33,75454
51,1245,0.00,50.00,0.78,97.33,167819
59,130,0.00,50.00,5.50,91.95,1622
33,287,0.00,50.00,4.67,88.26,8757
84,3471,0.00,50.00,0.78,97.33,1363937
58,273,0.00,50.00,4.09,92.69,7719
34,323,0.00,50.00,2.74,92.69,10874
38,365,0.00,50.00,2.74,92.69,13828
52,1113,0.00,50.00,2.74,92.69,132562
96,1725,0.00,50.00,2.94,92.69,333936
30,276,0.00,50.00,1.87,93.72,7513
34,401,0.00,50.00,1.87,94.01,16959
11,18,0.00,50.00,15.53,93.72,15
53,1131,0.00,50.00,1.87,94.01,136710
25,177,0.00,50.00,1.87,93.72,3029
97,4263,0.00,50.00,0.06,96.15,2099505
65,1420,0.00,50.00,0.99,99.03,221988
35,222,0.00,50.00,4.82,90.04,4926
68,1420,0.00,50.00,0.99,99.03,225738
73,1769,0.00,50.00,1.27,94.32,356199
87,2522,0.00,50.00,1.27,96.37,729824
31,156,0.00,50.00,0.78,89.60,2087
79,1174,0.00,50.00,0.78,97.62,147629
52,362,0.00,50.00,0.78,97.62,13010
67,1137,0.00,50.00,0.78,98.46,137618
75,2639,0.00,50.00,0.53,97.24,758031
11,52,0.00,50.00,9.77,98.33,230
77,1228,0.00,50.00,1.62,98.33,168308
94,2999,0.00,50.00,0.89,98.33,1012608
72,457,0.00,50.00,2.10,95.10,21695
92,910,0.00,50.00,2.10,96.82,90558
72,251,0.00,50.00,7.50,90.51,6193
40,690,0.00,50.00,2.10,96.82,51391
55,169,0.00,50.00,4.93,90.51,2778
67,991,0.00,50.00,2.10,96.82,107306
38,68,0.00,50.00,1.30,87.86,524
15,60,0.00,50.00,1.30,84.95,378
100,191,0.00,50.00,1.30,90.80,3709
83,756,0.00,50.00,1.30,95.61,62731
89,770,0.00,50.00,1.30,95.61,64329
42,135,0.00,50.00,1.30,87.86,1677
64,1076,0.00,50.00,1.30,94.53,126953
86,602,0.00,50.00,1.30,95.61,39197
66,1235,0.00,50.00,1.30,95.45,170007
82,2471,0.00,50.00,1.30,98.39,670966
42,326,0.00,50.00,1.73,93.71,10704
72,411,0.00,50.00,2.49,93.71,18092
72,737,0.00,50.00,1.48,95.25,57186
66,115,0.00,50.00,3.75,93.71,1472
51,602,0.00,50.00,1.48,95.25,35377
13,39,0.00,50.00,7.56,79.86,75
90,227,0.00,50.00,5.23,93.71,4784
23,118,0.00,50.00,1.87,83.21,1206
57,184,0.00,50.00,3.47,91.75,3165
41,101,0.00,50.00,6.24,82.06,663
53,66,0.00,50.00,3.75,93.71,261
35,351,0.00,50.00,1.73,93.71,12280
96,1413,0.00,50.00,1.39,96.36,213815
82,2171,0.00,50.00,1.45,96.72,541680
82,430,0.00,50.00,1.92,97.26,18022
79,1001,0.00,50.00,0.43,97.26,105530
15,83,0.00,50.00,1.80,94.53,581
83,1028,0.00,50.00,0.43,97.26,115067
53,250,0.00,50.00,1.92,94.53,5714
59,746,0.00,50.00,1.92,94.53,56779
63,63,0.00,50.00,4.68,92.55,427
98,2574,0.00,50.00,0.43,97.36,743169
88,598,0.00,50.00,2.49,98.84,40631
16,94,0.00,50.00,2.91,81.88,874
89,3050,0.00,50.00,0.31,98.84,1039743
83,87,0.00,50.00,2.33,91.96,610
61,962,0.00,50.00,1.94,93.12,102381
70,882,0.00,50.00,1.76,93.12,88203
39,417,0.00,50.00,1.94,92.46,18109
13,43,0.00,50.00,1.94,85.42,101
55,1146,0.00,50.00,1.94,93.28,145357
83,3293,0.00,50.00,1.17,96.27,1242162
20,181,0.00,50.00,1.70,93.33,2948
50,300,0.00,50.00,0.98,90.33,8543
28,85,0.00,50.00,4.66,94.67,683
54,1117,0.00,50.00,0.98,94.67,135423
22,98,0.00,50.00,1.70,89.24,759
32,108,0.00,50.00,5.45,94.67,1009
36,478,0.00,50.00,0.98,94.67,22716
10,32,0.00,50.00,7.31,85.87,70
15,36,0.00,50.00,12.55,85.87,88
25,167,0.00,50.00,1.70,94.67,2352
41,795,0.00,50.00,0.98,94.67,65698
38,54,0.00,50.00,3.70,85.87,301
31,301,0.00,50.00,0.98,94.67,9303
72,2313,0.00,50.00,0.98,95.77,594632
35,275,0.00,50.00,0.09,92.84,7833
51,398,0.00,50.00,0.09,98.80,19042
91,2564,0.00,50.00,0.09,98.80,734608
61,136,0.00,50.00,5.17,84.32,1659
85,1564,0.00,50.00,1.68,97.43,262919
37,208,0.00,50.00,5.76,95.50,4678
50,915,0.00,50.00,1.04,96.78,93747
31,87,0.00,50.00,5.00,88.75,751
47,301,0.00,50.00,5.00,96.78,9650
11,21,0.00,50.00,18.41,73.03,27
76,1843,0.00,50.00,1.04,98.88,391324
50,553,0.00,50.00,3.62,96.78,32734
46,837,0.00,50.00,1.04,96.78,77821
57,1069,0.00,50.00,1.04,96.78,129506
53,1366,0.00,50.00,2.04,95.52,197882
96,342,0.00,50.00,2.44,93.09,13627
96,937,0.00,50.00,2.44,93.44,104401
26,76,0.00,50.00,2.44,86.92,452
10,36,0.00,50.00,9.61,88.35,133
81,1068,0.00,50.00,2.44,96.24,131906
17,133,0.00,50.00,2.44,90.32,1694
21,62,0.00,50.00,2.44,88.35,326
85,2337,0.00,50.00,1.70,96.24,627600
85,294,0.00,50.00,1.27,91.63,9108
16,27,0.00,50.00,2.73,84.72,37
97,299,0.00,50.00,1.27,91.63,9221
89,3693,0.00,50.00,0.72,98.15,1556831
45,829,0.00,50.00,0.86,96.39,70619
94,1850,0.00,50.00,1.60,97.37,367003
69,1368,0.00,50.00,1.43,97.64,200598
31,65,0.00,50.00,4.84,94.04,383
57,842,0.00,50.00,2.04,97.64,74697
32,119,0.00,50.00,2.04,97.64,1494
91,2464,0.00,50.00,1.43,97.64,674072
100,3875,0.00,50.00,1.00,97.53,1724447
74,2047,0.00,50.00,0.83,94.63,446326
80,2996,0.00,50.00,0.83,95.80,977929
34,399,0.00,50.00,2.92,96.00,16383
88,1194,0.00,50.00,0.65,96.57,157794
52,171,0.00,50.00,2.92,96.00,2806
82,2908,0.00,50.00,0.65,97.04,953195
100,720,0.00,50.00,1.64,96.18,51942
24,53,0.00,50.00,4.17,96.18,194
22,144,0.00,50.00,8.05,96.18,1747
63,1563,0.00,50.00,1.64,96.18,257711
35,94,0.00,50.00,5.14,94.69,624
30,252,0.00,50.00,4.07,97.20,6683
18,35,0.00,50.00,4.07,97.20,84
53,704,0.00,50.00,2.39,95.83,50381
91,794,0.00,50.00,0.39,96.37,73731
88,1310,0.00,50.00,1.30,96.37,191461
13,16,0.00,50.00,6.24,94.69,18
29,282,0.00,50.00,4.07,97.20,8333
43,741,0.00,50.00,2.39,97.20,56643
100,1387,0.00,50.00,0.39,96.37,216406
90,2503,0.00,50.00,1.12,98.85,688987
86,3065,0.00,50.00,0.88,97.92,1050593
84,2241,0.00,50.00,1.06,98.69,576964
66,1382,0.00,50.00,1.05,96.09,213137
20,150,0.00,50.00,3.85,83.16,2040
29,270,0.00,50.00,1.05,93.89,7201
40,166,0.00,50.00,1.05,93.91,3035
93,3867,0.00,50.00,0.80,97.67,1675670
38,314,0.00,50.00,2.85,91.63,9728
90,1829,0.00,50.00,1.06,95.26,383222
99,3680,0.00,50.00,0.96,99.19,1602651
62,1788,0.00,50.00,0.82,98.58,352475
66,2005,0.00,50.00,1.04,97.97,438375
73,335,0.00,50.00,2.35,92.11,12337
67,581,0.00,50.00,2.37,97.97,35531
66,892,0.00,50.00,2.35,97.97,86479
29,85,0.00,50.00,4.47,88.57,641
46,414,0.00,50.00,2.80,97.50,20564
100,3281,0.00,50.00,1.23,97.57,1218061
23,56,0.00,50.00,1.30,92.19,300
72,2070,0.00,50.00,0.43,96.48,485147
93,1372,0.00,50.00,0.86,96.24,213693
51,432,0.00,50.00,2.64,98.69,20195
96,1661,0.00,50.00,0.86,96.24,322082
74,491,0.00,50.00,1.36,88.98,25737
49,1113,0.00,50.00,1.31,90.85,131871
74,1261,0.00,50.00,1.36,90.85,171528
97,3559,0.00,50.00,0.59,96.96,1410489
45,890,0.00,50.00,0.26,98.91,86783
78,2786,0.00,50.00,0.26,99.27,869960
97,3613,0.00,50.00,0.74,97.87,1418825
53,945,0.00,50.00,1.37,96.96,89757
15,15,0.00,50.00,20.28,91.53,15
66,1419,0.00,50.00,1.55,97.51,221993
54,1341,0.00,50.00,1.55,97.51,198290
51,1036,0.00,50.00,1.55,97.51,114761
84,756,0.00,50.00,1.24,95.87,59470
43,83,0.00,50.00,3.36,97.51,677
30,109,0.00,50.00,3.36,93.30,1181
61,1617,0.00,50.00,1.55,97.51,290388
66,1904,0.00,50.00,0.77,94.98,422474
25,68,0.00,50.00,2.65,94.61,327
37,40,0.00,50.00,9.97,89.69,201
62,1582,0.00,50.00,0.77,94.98,293611
47,510,0.00,50.00,0.81,94.63,28398
16,88,0.00,50.00,3.05,90.66,647
94,3493,0.00,50.00,0.56,98.00,1402786
11,19,0.00,50.00,22.03,81.70,20
83,1428,0.00,50.00,0.49,95.98,228870
63,1322,0.00,50.00,1.20,95.98,193294
61,850,0.00,50.00,1.10,95.24,84232
50,332,0.00,50.00,4.00,95.24,12477
22,225,0.00,50.00,1.72,89.51,4424
12,65,0.00,50.00,1.72,84.05,300
34,34,0.00,50.00,5.47,95.24,108
75,2571,0.00,50.00,0.16,95.24,751980
61,63,0.00,50.00,3.43,93.54,349
86,3232,0.00,50.00,0.18,99.20,1173026
42,409,0.00,50.00,2.34,91.98,17049
14,48,0.00,50.00,12.37,85.63,262
77,2771,0.00,50.00,0.31,94.58,856887
87,1639,0.00,50.00,1.23,97.58,304291
98,2662,0.00,50.00,0.56,97.58,801866
53,413,0.00,50.00,4.05,96.05,18849
70,161,0.00,50.00,4.15,92.02,2353
69,2116,0.00,50.00,1.31,97.82,490703
13,44,0.00,50.00,5.14,95.20,167
37,326,0.00,50.00,0.85,94.66,11114
21,102,0.00,50.00,3.92,86.33,976
19,168,0.00,50.00,3.92,95.20,2682
29,325,0.00,50.00,1.58,95.20,10425
29,270,0.00,50.00,1.58,94.66,7262
75,331,0.00,50.00,0.94,95.48,11021
99,3574,0.00,50.00,0.85,98.18,1423155
91,2318,0.00,50.00,1.59,98.58,588122
74,623,0.00,50.00,0.45,97.68,42276
17,39,0.00,50.00,5.65,84.58,113
92,3503,0.00,50.00,0.30,97.68,1397660
78,1727,0.00,50.00,1.45,97.48,331003
55,538,0.00,50.00,2.41,90.10,29130
39,550,0.00,50.00,1.72,93.20,32485
74,1701,0.00,50.00,2.41,93.58,325689
80,357,0.00,50.00,2.91,90.05,14194
72,1943,0.00,50.00,1.72,94.60,430738
82,2131,0.00,50.00,0.52,97.18,517226
36,424,0.00,50.00,2.07,92.62,19932
34,400,0.00,50.00,2.07,92.54,17705
76,1931,0.00,50.00,0.52,97.18,420153
84,2237,0.00,50.00,0.74,98.40,563068
19,33,0.00,50.00,13.34,92.91,93
27,302,0.00,50.00,3.32,96.86,9296
48,250,0.00,50.00,2.69,92.91,5450
62,1554,0.00,50.00,1.11,97.25,266663
90,1561,0.00,50.00,1.11,97.25,266864
87,3696,0.00,50.00,0.33,97.72,1559337
44,356,0.00,50.00,3.92,97.79,12601
92,444,0.00,50.00,3.48,97.16,21876
83,859,0.00,50.00,1.02,99.12,80434
18,138,0.00,50.00,3.46,97.08,1649
44,179,0.00,50.00,3.92,97.09,3094
12,15,0.00,50.00,7.93,95.42,15
27,183,0.00,50.00,3.97,97.09,3252
81,358,0.00,50.00,3.48,97.09,13217
70,540,0.00,50.00,1.97,99.12,30639
30,119,0.00,50.00,8.38,96.73,1273
34,72,0.00,50.00,8.38,95.42,504
70,2221,0.00,50.00,1.02,99.19,544672
75,198,0.00,50.00,3.44,90.36,4315
68,1082,0.00,50.00,1.96,94.09,139179
51,1149,0.00,50.00,0.37,94.15,151508
93,1117,0.00,50.00,1.50,94.09,142624
32,463,0.00,50.00,0.37,94.15,24101
44,817,0.00,50.00,0.37,94.15,77687
92,600,0.00,50.00,2.09,93.83,37122
44,484,0.00,50.00,2.09,93.95,23199
36,115,0.00,50.00,5.45,87.63,1373
73,1486,0.00,50.00,0.97,93.95,246745
63,1256,0.00,50.00,2.09,93.95,172214
24,135,0.00,50.00,2.76,89.19,1569
41,76,0.00,50.00,5.58,82.55,505
32,191,0.00,50.00,5.45,90.19,3769
77,1477,0.00,50.00,0.97,93.95,246183
10,40,0.00,50.00,9.06,83.98,127
24,53,0.00,50.00,4.28,88.47,198
85,469,0.00,50.00,2.81,92.62,22595
98,1221,0.00,50.00,1.11,95.61,160218
40,149,0.00,50.00,3.71,91.37,1825
59,406,0.00,50.00,3.26,95.82,16713
97,3100,0.00,50.00,1.11,95.82,1080247
73,1463,0.00,50.00,1.28,96.27,231803
57,1156,0.00,50.00,0.85,93.35,142582
77,2805,0.00,50.00,0.85,94.90,909790
61,1496,0.00,50.00,1.93,99.16,245136
15,76,0.00,50.00,2.64,83.47,416
37,533,0.00,50.00,1.75,92.24,27869
75,580,0.00,50.00,1.46,98.28,32797
74,1431,0.00,50.00,1.46,98.28,221936
40,316,0.00,50.00,2.57,89.96,8961
56,1283,0.00,50.00,1.75,97.57,171192
10,13,0.00,50.00,11.58,74.16,10
61,1430,0.00,50.00,1.75,97.57,216760
78,367,0.00,50.00,2.94,91.53,15224
77,142,0.00,50.00,6.14,85.66,1960
67,1999,0.00,50.00,0.24,97.59,451408
82,1680,0.00,50.00,0.24,97.59,328194
16,32,0.00,50.00,10.98,92.92,82
35,334,0.00,50.00,3.12,96.20,11891
55,700,0.00,50.00,1.44,96.43,56543
15,102,0.00,50.00,8.08,92.92,997
42,611,0.00,50.00,3.12,96.82,40991
100,4717,0.00,50.00,1.07,97.59,2617049
67,1728,0.00,50.00,1.29,96.12,330370
66,1492,0.00,50.00,0.89,95.63,243875
91,830,0.00,50.00,1.16,89.47,77267
72,578,0.00,50.00,1.16,95.71,35518
99,3797,0.00,50.00,0.89,97.52,1615690
38,287,0.00,50.00,3.16,94.57,8291
62,1459,0.00,50.00,1.94,95.63,224486
92,3188,0.00,50.00,0.60,97.47,1115010
30,138,0.00,50.00,4.34,91.57,2132
77,2111,0.00,50.00,0.61,99.22,497279
73,2040,0.00,50.00,0.54,99.22,468402
87,1389,0.00,50.00,0.02,95.59,212616
69,1469,0.00,50.00,0.28,95.31,230810
44,367,0.00,50.00,1.89,95.75,14093
51,908,0.00,50.00,1.89,95.75,87812
44,456,0.00,50.00,1.89,95.75,22125
39,270,0.00,50.00,1.89,95.75,7573
71,2089,0.00,50.00,1.25,96.53,475125
67,1617,0.00,50.00,1.25,96.53,285094
96,3008,0.00,50.00,0.88,98.16,1023258
16,67,0.00,50.00,7.69,86.61,417
91,1973,0.00,50.00,0.74,94.22,435795
56,778,0.00,50.00,0.76,95.56,65066
33,80,0.00,50.00,7.80,85.41,739
69,1761,0.00,50.00,0.76,95.56,338872
49,367,0.00,50.00,1.36,97.71,12806
73,2381,0.00,50.00,1.06,98.81,597122
53,978,0.00,50.00,1.36,98.81,97223
64,329,0.00,50.00,2.42,92.50,10206
96,2914,0.00,50.00,1.64,99.02,907833
12,59,0.00,50.00,7.44,97.60,355
81,829,0.00,50.00,1.55,98.08,83930
46,386,0.00,50.00,2.39,98.08,18625
91,1260,0.00,50.00,1.55,98.08,188030
37,440,0.00,50.00,2.39,98.08,22942
31,355,0.00,50.00,3.03,98.08,14848
70,1028,0.00,50.00,1.55,98.08,123672
47,285,0.00,50.00,2.39,98.08,9820
70,369,0.00,50.00,3.36,94.15,14733
47,607,0.00,50.00,1.93,94.15,39165
20,154,0.00,50.00,4.01,91.91,2133
55,305,0.00,50.00,1.93,94.15,10058
82,867,0.00,50.00,1.27,97.24,83207
16,93,0.00,50.00,5.05,92.95,825
35,285,0.00,50.00,1.93,92.21,8551
17,52,0.00,50.00,8.97,91.71,213
63,1185,0.00,50.00,1.21,95.30,148770
16,80,0.00,50.00,8.91,92.95,621
50,1213,0.00,50.00,1.93,97.67,156880
71,1082,0.00,50.00,1.21,94.15,128231
91,3902,0.00,50.00,1.21,98.24,1670330
63,416,0.00,50.00,1.27,91.33,16838
82,1231,0.00,50.00,1.27,94.68,167070
62,1411,0.00,50.00,1.27,94.68,218038
43,600,0.00,50.00,1.27,94.59,36137
23,178,0.00,50.00,5.42,89.33,3277
49,474,0.00,50.00,1.27,94.59,21959
45,495,0.00,50.00,1.27,94.59,23544
43,844,0.00,50.00,1.27,94.59,74064
44,815,0.00,50.00,1.01,95.34,68565
100,2287,0.00,50.00,1.01,96.08,591701
24,206,0.00,50.00,4.40,95.34,4200
58,1190,0.00,50.00,1.01,96.08,153890
98,2739,0.00,50.00,1.20,96.47,825500
25,190,0.00,50.00,3.71,81.63,3513
68,1589,0.00,50.00,0.65,95.55,285412
60,338,0.00,50.00,1.60,95.55,12979
63,1598,0.00,50.00,0.65,95.55,284796
32,77,0.00,50.00,2.19,82.14,581
41,553,0.00,50.00,2.19,92.05,33127
82,3221,0.00,50.00,1.13,97.28,1150024
43,427,0.00,50.00,4.40,92.72,21615
74,2280,0.00,50.00,0.36,96.17,579467
19,144,0.00,50.00,2.25,92.00,1907
38,458,0.00,50.00,2.25,95.27,22235
53,217,0.00,50.00,2.25,90.12,4709
68,829,0.00,50.00,1.20,95.27,75396
69,1054,0.00,50.00,1.20,95.27,122690
79,853,0.00,50.00,1.31,96.66,82857
25,291,0.00,50.00,1.41,95.46,8421
85,337,0.00,50.00,3.74,92.33,12154
60,369,0.00,50.00,1.31,96.66,14431
89,783,0.00,50.00,1.31,93.42,67010
98,3129,0.00,50.00,0.44,97.32,1102700
60,386,0.00,50.00,3.11,94.69,16186
89,1953,0.00,50.00,0.56,95.14,410882
12,12,0.00,50.00,20.67,65.32,17
36,236,0.00,50.00,3.27,90.73,5752
72,1434,0.00,50.00,1.22,93.89,220494
42,288,0.00,50.00,4.47,90.73,8017
89,3591,0.00,50.00,1.11,97.55,1419400
70,2396,0.00,50.00,1.55,95.61,646482
81,765,0.00,50.00,1.95,96.97,63101
89,1846,0.00,50.00,1.81,97.60,378085
35,342,0.00,50.00,2.70,96.56,12532
16,107,0.00,50.00,4.76,88.89,1037
75,2112,0.00,50.00,0.36,98.15,500512
70,1990,0.00,50.00,1.75,98.05,425740
34,205,0.00,50.00,5.95,97.68,4494
85,3208,0.00,50.00,1.05,98.05,1123812
54,255,0.00,50.00,4.10,95.45,7565
88,1887,0.00,50.00,1.77,97.30,398160
36,362,0.00,50.00,4.50,95.45,13538
55,692,0.00,50.00,3.65,95.45,50620
36,91,0.00,50.00,5.73,92.48,801
64,1646,0.00,50.00,1.59,97.51,292307
35,380,0.00,50.00,2.60,96.33,13663
60,353,0.00,50.00,4.36,97.51,11663
34,305,0.00,50.00,2.60,96.33,8588
92,1103,0.00,50.00,0.82,96.06,131736
65,1900,0.00,50.00,1.59,97.51,391934
95,1451,0.00,50.00,0.82,91.76,227181
78,2872,0.00,50.00,0.82,95.26,909430
12,46,0.00,50.00,5.47,95.33,175
69,1045,0.00,50.00,2.21,98.80,119072
24,158,0.00,50.00,2.74,76.88,2827
39,312,0.00,50.00,3.99,87.25,11506
33,78,0.00,50.00,6.80,76.88,677
55,1192,0.00,50.00,0.13,96.01,160370
55,914,0.00,50.00,0.13,92.69,94509
31,205,0.00,50.00,2.74,82.37,4633
10,23,0.00,50.00,9.98,70.92,36
27,49,0.00,50.00,6.80,76.88,206
56,128,0.00,50.00,0.13,84.87,1931
79,2875,0.00,50.00,0.13,97.88,924299
58,1435,0.00,50.00,1.98,96.71,220867
66,1048,0.00,50.00,2.74,95.08,119522
26,176,0.00,50.00,4.59,90.98,3080
56,171,0.00,50.00,4.72,90.47,2971
69,270,0.00,50.00,4.72,91.96,8374
57,750,0.00,50.00,2.52,95.08,59831
59,1111,0.00,50.00,1.22,95.08,134014
59,200,0.00,50.00,4.72,90.47,4339
71,107,0.00,50.00,4.72,88.96,1084
19,156,0.00,50.00,4.72,90.98,2465
86,3322,0.00,50.00,0.28,97.91,1218831
12,59,0.00,50.00,3.10,84.79,302
63,459,0.00,50.00,3.91,96.69,23451
26,263,0.00,50.00,2.81,89.92,7099
55,1238,0.00,50.00,1.19,96.69,172837
66,1038,0.00,50.00,1.56,96.69,122771
87,2289,0.00,50.00,0.21,98.20,605377
38,594,0.00,50.00,2.32,88.97,38286
99,1241,0.00,50.00,2.32,96.31,168607
72,1847,0.00,50.00,1.87,96.31,377397
81,1010,0.00,50.00,2.28,95.88,112009
53,747,0.00,50.00,0.65,97.54,61611
91,544,0.00,50.00,2.28,94.90,30632
97,3215,0.00,50.00,0.65,98.44,1175435
62,1130,0.00,50.00,1.64,98.27,142428
36,531,0.00,50.00,1.28,98.27,29243
63,579,0.00,50.00,1.64,95.07,36083
52,320,0.00,50.00,1.64,92.49,10155
41,608,0.00,50.00,1.83,98.27,39359
82,2513,0.00,50.00,1.64,98.96,719835
92,2317,0.00,50.00,0.88,95.87,589443
29,122,0.00,50.00,2.22,91.46,1634
70,922,0.00,50.00,1.48,97.46,94763
43,898,0.00,50.00,1.48,97.46,89088
90,3391,0.00,50.00,0.96,97.46,1326866
77,2254,0.00,50.00,0.42,97.97,564420
95,2639,0.00,50.00,0.46,95.77,767423
33,459,0.00,50.00,0.85,95.94,21406
40,523,0.00,50.00,0.85,95.94,27652
64,1183,0.00,50.00,0.95,96.72,152221
76,635,0.00,50.00,0.97,95.94,40152
99,901,0.00,50.00,1.11,93.70,90290
62,1444,0.00,50.00,0.76,92.28,232595
67,772,0.00,50.00,0.76,89.16,62971
99,422,0.00,50.00,1.11,91.37,20687
25,273,0.00,50.00,1.83,83.55,7144
86,1637,0.00,50.00,0.76,92.12,296486
41,316,0.00,50.00,0.75,94.38,9605
91,2564,0.00,50.00,0.24,99.02,733175
16,61,0.00,50.00,5.53,89.78,329
19,166,0.00,50.00,4.41,92.10,2831
85,3267,0.00,50.00,0.04,98.16,1212375
26,284,0.00,50.00,5.23,87.59,7860
73,1612,0.00,50.00,2.09,99.00,282332
53,855,0.00,50.00,1.75,95.09,79817
85,2370,0.00,50.00,1.25,96.03,627447
27,213,0.00,50.00,3.32,81.51,4169
26,268,0.00,50.00,2.98,86.61,6442
44,665,0.00,50.00,1.03,98.00,44595
44,120,0.00,50.00,2.98,87.54,1306
60,603,0.00,50.00,1.85,97.75,39917
72,1127,0.00,50.00,1.85,98.00,140171
69,1404,0.00,50.00,1.53,98.00,212274
65,1001,0.00,50.00,1.85,98.00,105474
23,121,0.00,50.00,3.32,81.46,1213
83,2769,0.00,50.00,1.03,98.25,841055
83,1037,0.00,50.00,1.27,95.12,123130
97,2839,0.00,50.00,0.59,97.72,925082
93,2941,0.00,50.00,0.67,94.91,959944
73,1135,0.00,50.00,3.14,98.51,140507
21,47,0.00,50.00,10.34,83.94,204
40,501,0.00,50.00,0.19,88.29,26873
38,171,0.00,50.00,0.19,88.29,3104
14,24,0.00,50.00,3.56,76.02,53
26,228,0.00,50.00,3.56,84.59,5018
29,383,0.00,50.00,0.19,86.63,14284
50,513,0.00,50.00,0.19,94.79,28259
72,570,0.00,50.00,3.14,93.05,34547
37,570,0.00,50.00,0.19,90.39,33708
84,107,0.00,50.00,8.41,93.05,1076
38,587,0.00,50.00,0.19,90.39,35535
30,277,0.00,50.00,0.19,84.82,7263
100,4420,0.00,50.00,0.19,98.51,2150837
28,296,0.00,50.00,2.24,90.98,9521
90,3273,0.00,50.00,0.51,97.85,1213028
35,300,0.00,50.00,1.78,92.82,9146
40,489,0.00,50.00,1.78,92.82,26529
73,612,0.00,50.00,1.17,96.47,41559
27,146,0.00,50.00,3.77,89.66,2498
74,1072,0.00,50.00,1.17,96.47,125597
37,283,0.00,50.00,1.78,92.82,7885
12,55,0.00,50.00,5.53,88.69,244
100,2737,0.00,50.00,1.17,96.47,854287
47,947,0.00,50.00,1.24,96.38,93226
70,336,0.00,50.00,2.68,93.19,12997
70,1294,0.00,50.00,1.24,97.80,187488
24,168,0.00,50.00,4.49,98.58,2671
91,3348,0.00,50.00,1.15,97.96,1280070
20,146,0.00,50.00,5.68,95.74,2208
88,872,0.00,50.00,0.64,95.74,83440
11,49,0.00,50.00,8.44,90.86,199
96,2726,0.00,50.00,1.62,98.46,865000
77,2229,0.00,50.00,1.68,97.91,533933
22,51,0.00,50.00,5.05,89.03,192
15,61,0.00,50.00,5.05,91.94,326
15,93,0.00,50.00,5.05,91.94,796
81,2914,0.00,50.00,0.78,98.08,933129
62,1107,0.00,50.00,0.66,98.02,133260
89,2859,0.00,50.00,0.66,98.02,915722
97,98,0.00,50.00,3.25,90.62,900
54,509,0.00,50.00,0.59,94.41,25504
73,859,0.00,50.00,2.30,97.36,78446
29,384,0.00,50.00,3.25,94.41,13969
90,2399,0.00,50.00,0.86,97.36,634770
29,148,0.00,50.00,2.77,88.51,2312
63,1545,0.00,50.00,1.50,99.31,267732
75,2671,0.00,50.00,0.75,97.20,806468
100,3310,0.00,50.00,1.27,98.28,1227335
79,178,0.00,50.00,1.98,95.69,2962
62,912,0.00,50.00,1.86,95.69,93944
40,148,0.00,50.00,1.91,95.69,2245
20,112,0.00,50.00,1.77,92.11,1176
34,192,0.00,50.00,1.98,92.11,3364
15,57,0.00,50.00,1.77,90.61,345
55,1463,0.00,50.00,1.50,95.69,241498
88,1704,0.00,50.00,1.50,97.82,325072
71,1674,0.00,50.00,1.49,98.63,311433
56,984,0.00,50.00,1.73,97.62,109705
48,292,0.00,50.00,2.75,95.67,9132
81,3150,0.00,50.00,0.71,98.01,1106425
100,986,0.00,50.00,0.16,99.02,109937
86,2309,0.00,50.00,0.16,97.88,616980
93,4020,0.00,50.00,0.76,98.05,1813177
69,1424,0.00,50.00,0.96,95.36,223593
66,902,0.00,50.00,1.08,95.06,92075
57,1273,0.00,50.00,1.88,98.08,187164
100,3641,0.00,50.00,0.99,96.82,1516515
46,243,0.00,50.00,1.43,93.10,6187
63,1925,0.00,50.00,1.43,97.51,412271
55,203,0.00,50.00,4.57,95.95,3757
66,703,0.00,50.00,2.89,97.51,52724
94,4153,0.00,50.00,0.49,95.17,1950103
39,259,0.00,50.00,0.74,96.86,6372
88,3746,0.00,50.00,0.74,96.86,1550711
100,726,0.00,50.00,2.41,96.04,60044
98,4084,0.00,50.00,0.66,98.85,1867755
81,3098,0.00,50.00,0.14,98.53,1105358
32,378,0.00,50.00,0.77,93.06,14100
82,1640,0.00,50.00,0.77,96.54,291461
13,75,0.00,50.00,2.48,80.35,478
49,58,0.00,50.00,2.48,93.06,300
54,736,0.00,50.00,0.77,95.38,57358
62,1799,0.00,50.00,0.77,97.03,352714
40,658,0.00,50.00,1.58,96.16,46428
100,3235,0.00,50.00,0.49,98.40,1184679
16,23,0.00,50.00,2.31,89.30,44
77,2773,0.00,50.00,0.98,98.34,847716
33,415,0.00,50.00,5.18,89.34,18777
18,116,0.00,50.00,7.74,87.86,1360
76,1787,0.00,50.00,0.97,97.60,343632
99,942,0.00,50.00,0.97,96.70,89333
83,2562,0.00,50.00,0.97,97.60,703192
10,37,0.00,50.00,7.03,82.18,97
30,140,0.00,50.00,3.87,90.02,1826
16,80,0.00,50.00,7.03,87.32,517
88,2022,0.00,50.00,0.90,95.92,472406
98,3139,0.00,50.00,0.83,98.36,1079673
39,348,0.00,50.00,3.40,95.06,12155
62,1649,0.00,50.00,0.87,96.60,289019
20,57,0.00,50.00,8.38,84.28,269
48,799,0.00,50.00,0.82,95.75,71857
69,1648,0.00,50.00,0.34,97.58,300809
15,64,0.00,50.00,8.38,85.91,372
52,492,0.00,50.00,0.82,95.75,27988
48,114,0.00,50.00,0.82,87.30,1557
40,184,0.00,50.00,0.82,91.07,3789
89,438,0.00,50.00,0.82,97.31,20176
69,2086,0.00,50.00,0.34,97.58,485981
39,439,0.00,50.00,0.98,94.05,18856
27,315,0.00,50.00,0.98,92.35,9451
76,2737,0.00,50.00,0.98,94.82,834280
90,3199,0.00,50.00,0.69,99.47,1136819
83,175,0.00,50.00,4.11,93.56,3408
87,797,0.00,50.00,3.58,97.96,71710
55,243,0.00,50.00,1.20,93.56,6159
94,2852,0.00,50.00,1.19,97.96,908549
91,3742,0.00,50.00,0.52,98.58,1554811
56,409,0.00,50.00,3.66,99.32,16958
18,103,0.00,50.00,7.97,93.20,972
88,1736,0.00,50.00,0.37,99.32,314397
81,1620,0.00,50.00,0.37,99.32,279933
46,275,0.00,50.00,4.46,93.20,7142
22,147,0.00,50.00,4.00,93.70,1898
78,412,0.00,50.00,2.10,99.32,16712
64,681,0.00,50.00,5.66,97.07,53022
98,227,0.00,50.00,6.12,89.93,5390
28,210,0.00,50.00,6.30,93.80,4673
92,3037,0.00,50.00,1.69,97.07,1063611
44,478,0.00,50.00,1.37,94.89,23713
23,164,0.00,50.00,1.37,94.89,2503
61,197,0.00,50.00,4.14,94.89,3944
84,145,0.00,50.00,1.37,94.89,2088
17,30,0.00,50.00,7.76,84.04,51
36,259,0.00,50.00,1.37,94.89,6852
24,80,0.00,50.00,4.24,88.64,508
89,2536,0.00,50.00,1.19,96.88,712834
26,314,0.00,50.00,3.14,95.16,10493
48,617,0.00,50.00,1.53,95.16,42022
85,3172,0.00,50.00,0.93,98.03,1169361
50,242,0.00,50.00,5.49,92.20,6791
12,60,0.00,50.00,4.97,90.65,280
41,140,0.00,50.00,7.07,90.65,2212
89,3167,0.00,50.00,1.07,98.08,1137733
23,141,0.00,50.00,3.85,86.29,1917
20,123,0.00,50.00,4.42,80.53,1422
65,640,0.00,50.00,0.62,95.49,40402
82,151,0.00,50.00,3.55,77.68,1883
54,438,0.00,50.00,0.62,88.82,20542
78,874,0.00,50.00,0.62,97.05,78947
23,213,0.00,50.00,4.88,92.10,4654
59,1014,0.00,50.00,0.93,93.03,115943
62,1848,0.00,50.00,0.93,94.31,384805
38,412,0.00,50.00,3.23,93.49,17883
48,1006,0.00,50.00,0.93,93.49,112308
59,1206,0.00,50.00,0.64,95.83,162388
97,1409,0.00,50.00,0.64,95.83,225801
36,224,0.00,50.00,0.96,90.86,5294
15,32,0.00,50.00,7.29,86.45,57
81,1280,0.00,50.00,0.64,95.83,186054