nodes,edges,inner radius,outer radius,minimum distance,maximum distance,crossings
50,1225,16.23,50.00,1.14,96.48,166428
50,1225,21.17,50.00,1.14,96.48,173490
50,1225,38.26,50.00,1.14,98.42,195348
50,1225,8.08,50.00,1.14,96.48,165972
50,1225,19.78,50.00,0.61,96.39,172993
50,1225,32.92,50.00,0.61,97.35,198491
50,1225,22.80,50.00,0.61,96.39,176463
50,1225,43.22,50.00,0.61,98.69,213585
50,1225,43.35,50.00,0.43,99.33,205580
50,1225,37.17,50.00,0.74,97.24,203413
50,1225,34.48,50.00,0.74,97.24,198989
50,1225,7.56,50.00,0.44,92.54,164500
50,1225,24.47,50.00,0.74,97.24,185279
50,1225,14.07,50.00,0.62,98.24,172648
50,1225,11.16,50.00,0.62,98.24,172648
50,1225,11.16,50.00,0.62,98.24,172648
50,1225,11.16,50.00,0.62,98.24,172648
50,1225,11.16,50.00,1.33,94.71,168360
50,1225,48.73,50.00,0.21,99.68,225831
50,1225,24.74,50.00,1.33,96.18,181371
50,1225,40.61,50.00,1.38,97.59,204657
50,1225,43.10,50.00,0.34,99.45,208522
50,1225,30.69,50.00,2.08,96.80,189580
50,1225,17.76,50.00,1.97,96.07,164222
50,1225,38.23,50.00,0.83,99.45,201182
50,1225,21.40,50.00,1.82,98.19,174896
50,1225,40.01,50.00,1.27,99.30,200340
50,1225,10.29,50.00,0.99,98.19,163795
50,1225,44.25,50.00,0.58,99.68,211922
50,1225,43.84,50.00,0.58,99.68,211954
50,1225,28.40,50.00,1.63,95.88,192939
50,1225,34.19,50.00,1.63,95.88,196152
50,1225,2.51,50.00,1.63,95.33,164888
50,1225,24.22,50.00,1.63,95.88,184549
50,1225,24.74,50.00,0.77,97.80,184048
50,1225,32.24,50.00,0.77,98.02,188208
50,1225,9.85,50.00,1.63,97.80,165144
50,1225,40.58,50.00,0.65,99.16,201032
50,1225,6.54,50.00,1.22,95.03,168653
50,1225,24.95,50.00,1.22,95.03,181454
50,1225,20.24,50.00,1.22,95.03,177674
50,1225,7.32,50.00,1.22,95.03,170568
50,1225,7.52,50.00,0.85,99.02,162407
50,1225,42.14,50.00,0.56,99.18,211366
50,1225,35.51,50.00,0.83,99.02,188551
50,1225,20.95,50.00,0.85,99.02,171170
50,1225,26.48,50.00,0.85,99.02,180825
50,1225,1.89,50.00,0.89,94.03,162320
50,1225,43.82,50.00,0.20,98.58,207340
50,1225,48.54,50.00,0.28,99.69,222206
50,1225,34.18,50.00,0.79,97.79,195588
50,1225,33.10,50.00,1.11,99.85,191025
50,1225,36.20,50.00,1.11,99.85,196445
50,1225,23.29,50.00,1.22,98.62,178279
50,1225,16.44,50.00,1.22,97.61,168634
50,1225,21.28,50.00,0.89,99.33,175662
50,1225,33.66,50.00,1.47,99.33,192688
50,1225,17.47,50.00,0.89,99.33,172909
50,1225,15.46,50.00,0.89,99.33,170339
50,1225,33.09,50.00,0.85,99.15,188113
50,1225,36.41,50.00,0.85,99.15,194919
50,1225,43.44,50.00,0.19,99.15,208076
50,1225,45.56,50.00,0.84,99.27,216103
50,1225,21.53,50.00,0.83,98.95,175390
50,1225,49.56,50.00,0.10,99.86,227773
50,1225,35.05,50.00,0.55,98.93,200595
50,1225,40.16,50.00,0.55,98.93,208501
50,1225,39.88,50.00,0.55,98.93,208501
50,1225,39.88,50.00,0.96,99.00,201173
50,1225,3.11,50.00,1.36,98.17,157580
50,1225,35.99,50.00,1.36,99.00,200378
50,1225,24.61,50.00,1.36,98.47,175114
50,1225,23.44,50.00,1.22,98.93,177971
50,1225,1.08,50.00,1.28,98.93,162806
50,1225,48.73,50.00,0.37,99.72,225641
50,1225,8.60,50.00,1.28,98.93,165536
50,1225,12.41,50.00,1.28,98.93,165536
50,1225,12.41,50.00,1.18,96.25,166196
50,1225,1.24,50.00,1.18,96.25,160361
50,1225,34.22,50.00,0.92,96.54,193014
50,1225,23.08,50.00,1.18,96.25,175159
50,1225,6.37,50.00,1.09,95.18,161918
50,1225,29.35,50.00,1.09,98.07,187733
50,1225,16.26,50.00,1.09,95.18,167548
50,1225,5.57,50.00,1.09,95.18,161918
50,1225,29.35,50.00,0.69,97.33,190149
50,1225,38.43,50.00,0.69,97.33,204923
50,1225,31.79,50.00,0.69,97.33,197265
50,1225,17.20,50.00,1.07,96.67,169942
50,1225,25.16,50.00,2.02,96.70,186470
50,1225,15.97,50.00,2.02,96.70,173019
50,1225,31.13,50.00,2.02,96.70,189310
50,1225,7.66,50.00,2.02,96.70,165948
50,1225,22.19,50.00,2.02,96.70,180498
50,1225,10.33,50.00,0.87,94.51,167735
50,1225,2.72,50.00,0.51,94.51,162672
50,1225,29.94,50.00,1.77,94.51,192735
50,1225,24.90,50.00,1.77,94.51,183644
50,1225,19.10,50.00,1.46,95.44,176503
50,1225,38.57,50.00,0.52,97.18,197918
50,1225,13.96,50.00,1.00,95.44,167534
50,1225,4.39,50.00,1.00,95.44,166178
50,1225,48.88,50.00,0.26,99.87,227301
50,1225,7.30,50.00,2.22,96.04,164906
50,1225,19.32,50.00,2.18,96.04,174211
50,1225,34.47,50.00,1.11,97.34,189609
50,1225,37.17,50.00,1.15,96.46,201723
50,1225,27.62,50.00,0.93,96.46,188107
50,1225,33.26,50.00,0.93,96.46,200072
50,1225,4.97,50.00,1.03,96.46,163900
50,1225,44.15,50.00,0.24,99.66,212013
50,1225,0.98,50.00,0.55,95.92,154763
50,1225,18.32,50.00,0.55,95.92,170070
50,1225,8.31,50.00,0.55,95.92,160905
50,1225,49.10,50.00,0.21,99.79,225554
50,1225,3.59,50.00,0.78,96.89,161120
50,1225,31.32,50.00,0.07,97.14,186392
50,1225,44.10,50.00,0.07,98.91,213232
50,1225,0.29,50.00,0.78,96.89,158480
50,1225,20.80,50.00,0.09,95.15,178357
50,1225,34.09,50.00,0.09,97.72,190800
50,1225,4.15,50.00,1.70,95.15,163404
50,1225,6.40,50.00,1.70,95.15,166156
50,1225,46.26,50.00,0.74,99.68,220583
50,1225,48.23,50.00,0.26,98.87,223277
50,1225,43.79,50.00,0.36,97.10,216016
50,1225,40.37,50.00,0.92,96.53,208137
50,1225,30.92,50.00,0.92,96.10,187586
50,1225,38.63,50.00,1.67,97.00,205444
50,1225,11.43,50.00,1.67,94.72,159975
50,1225,10.35,50.00,1.67,94.72,159975
50,1225,10.35,50.00,1.67,94.72,159975
50,1225,10.35,50.00,0.92,97.51,164006
50,1225,6.74,50.00,0.92,97.51,164006
50,1225,6.74,50.00,0.92,97.51,164006
50,1225,6.74,50.00,0.92,97.51,164006
50,1225,6.74,50.00,0.33,96.91,159888
50,1225,14.94,50.00,1.66,96.91,168003
50,1225,35.11,50.00,1.17,98.29,196998
50,1225,6.37,50.00,0.33,96.91,159888
50,1225,14.94,50.00,1.66,96.91,168003
50,1225,35.11,50.00,0.97,97.36,203295
50,1225,5.49,50.00,1.15,97.36,161439
50,1225,25.67,50.00,1.15,97.36,172561
50,1225,41.61,50.00,0.97,97.88,208440
50,1225,18.34,50.00,0.97,97.52,173124
50,1225,31.19,50.00,0.97,97.98,192303
50,1225,16.89,50.00,0.97,97.52,173499
50,1225,21.48,50.00,0.97,97.52,175120
50,1225,7.24,50.00,0.98,95.50,171791
50,1225,1.29,50.00,0.98,95.50,170006
50,1225,33.04,50.00,0.86,96.87,199275
50,1225,35.68,50.00,0.78,96.87,200715
50,1225,26.52,50.00,0.86,95.50,189686
50,1225,13.67,50.00,0.73,98.18,169119
50,1225,12.81,50.00,0.73,98.18,169119
50,1225,12.81,50.00,0.73,98.18,169119
50,1225,12.81,50.00,0.73,98.18,169119
50,1225,12.81,50.00,0.66,99.31,165411
50,1225,48.26,50.00,0.49,99.32,224812
50,1225,49.11,50.00,0.69,99.67,229107
50,1225,2.87,50.00,0.66,99.31,160961
50,1225,25.22,50.00,0.88,96.31,178387
50,1225,22.53,50.00,0.88,96.31,176197
50,1225,4.94,50.00,0.88,96.31,163313
50,1225,9.83,50.00,0.88,96.31,170909
50,1225,6.45,50.00,0.90,93.84,170921
50,1225,12.57,50.00,0.90,93.84,173522
50,1225,40.75,50.00,0.48,99.17,197025
50,1225,27.05,50.00,0.90,97.35,181544
50,1225,27.33,50.00,1.13,98.09,184060
50,1225,30.88,50.00,1.13,98.09,185004
50,1225,43.33,50.00,1.13,99.95,210797
50,1225,19.55,50.00,1.13,98.09,179027
50,1225,49.92,50.00,0.32,99.99,230599
50,1225,11.69,50.00,0.44,98.94,167386
50,1225,3.64,50.00,0.44,98.94,165540
50,1225,12.96,50.00,0.44,98.94,167386
50,1225,3.64,50.00,0.44,98.94,165540
50,1225,12.96,50.00,2.08,93.73,163163
50,1225,20.03,50.00,2.15,95.00,169582
50,1225,5.89,50.00,2.08,93.73,161266
50,1225,9.72,50.00,2.08,93.73,161266
50,1225,9.72,50.00,1.09,97.31,161075
50,1225,15.92,50.00,1.09,97.31,165571
50,1225,4.27,50.00,1.09,97.31,159405
50,1225,32.71,50.00,0.10,97.43,195075
50,1225,19.66,50.00,1.61,96.94,165752
50,1225,34.47,50.00,0.09,96.94,191493
50,1225,45.01,50.00,0.09,99.47,215590
50,1225,29.64,50.00,0.09,96.94,176926
50,1225,30.33,50.00,0.33,96.47,185478
50,1225,48.37,50.00,1.16,99.59,226214
50,1225,32.43,50.00,0.65,96.99,188641
50,1225,37.03,50.00,1.07,99.52,195098
50,1225,2.94,50.00,1.51,96.82,158865
50,1225,26.09,50.00,1.51,98.39,179929
50,1225,14.40,50.00,1.51,98.39,170428
50,1225,35.72,50.00,0.89,98.39,193478
50,1225,6.20,50.00,1.41,98.26,167158
50,1225,27.71,50.00,1.34,98.68,184780
50,1225,36.35,50.00,0.51,98.68,197351
50,1225,26.30,50.00,1.34,98.68,181858
50,1225,48.21,50.00,0.20,99.49,221999
50,1225,2.83,50.00,0.11,95.84,166696
50,1225,25.35,50.00,0.11,95.84,184531
50,1225,40.25,50.00,0.64,95.99,209252
50,1225,19.31,50.00,0.11,95.84,177777
50,1225,21.84,50.00,1.08,97.06,168220
50,1225,11.58,50.00,1.07,97.06,162175
50,1225,10.61,50.00,1.07,97.06,163428
50,1225,23.23,50.00,1.08,97.06,169240
50,1225,5.43,50.00,1.05,93.84,162952
50,1225,11.73,50.00,1.05,93.84,164457
50,1225,31.39,50.00,0.98,98.29,185335
50,1225,42.07,50.00,0.39,98.29,207025
50,1225,44.72,50.00,0.88,99.52,214084
50,1225,42.06,50.00,1.45,99.52,207534
50,1225,14.86,50.00,1.97,99.13,161188
50,1225,26.44,50.00,1.97,99.13,175836
50,1225,39.13,50.00,0.85,98.36,199175
50,1225,0.16,50.00,0.83,95.24,161903
50,1225,24.62,50.00,0.55,95.39,176508
50,1225,49.85,50.00,0.09,99.91,229941
50,1225,34.66,50.00,0.07,98.96,191178
50,1225,10.06,50.00,1.29,98.96,165442
50,1225,1.93,50.00,1.29,98.96,158012
50,1225,49.32,50.00,0.23,99.80,227917
50,1225,25.17,50.00,0.07,98.96,178910
50,1225,6.49,50.00,0.75,98.58,163533
50,1225,1.05,50.00,0.75,98.58,158519
50,1225,18.39,50.00,0.75,98.58,169610
50,1225,29.13,50.00,0.44,98.58,179693
50,1225,16.75,50.00,1.90,98.09,175313
50,1225,35.29,50.00,0.49,98.20,197741
50,1225,35.43,50.00,0.49,98.20,197741
50,1225,35.43,50.00,0.49,98.20,197741
50,1225,35.43,50.00,0.45,97.94,193101
50,1225,21.22,50.00,1.11,95.56,171985
50,1225,7.31,50.00,1.11,95.56,162761
50,1225,5.70,50.00,1.11,95.56,160906
50,1225,47.28,50.00,0.36,99.60,222662
50,1225,0.77,50.00,1.36,98.77,156056
50,1225,45.36,50.00,0.09,98.77,214161
50,1225,44.17,50.00,1.07,98.77,213828
50,1225,33.33,50.00,0.25,97.69,192242
50,1225,46.87,50.00,0.25,99.54,218965
50,1225,23.58,50.00,1.68,97.66,176731
50,1225,20.30,50.00,0.72,99.54,174342
50,1225,19.50,50.00,0.72,99.54,175037
50,1225,35.52,50.00,1.42,99.54,201314
50,1225,7.34,50.00,0.72,99.54,167787
50,1225,16.62,50.00,0.72,99.54,175037
50,1225,35.52,50.00,1.38,99.16,191843
50,1225,8.59,50.00,1.42,99.16,171933
50,1225,7.59,50.00,1.42,99.16,171933
50,1225,7.59,50.00,1.42,99.16,171933
50,1225,7.59,50.00,1.23,96.62,154184
50,1225,41.69,50.00,0.53,97.75,204801
50,1225,32.81,50.00,0.67,96.74,191052
50,1225,3.31,50.00,1.23,96.62,153592
50,1225,46.18,50.00,0.45,99.30,217340
50,1225,33.57,50.00,1.45,98.83,191037
50,1225,42.03,50.00,0.79,98.83,208209
50,1225,10.81,50.00,1.25,96.94,165471
50,1225,28.17,50.00,1.77,96.96,185026
50,1225,8.17,50.00,1.77,95.02,167212
50,1225,7.94,50.00,1.77,95.02,167212
50,1225,7.94,50.00,1.77,95.02,167212
50,1225,7.94,50.00,1.59,97.12,156893
50,1225,25.27,50.00,0.90,98.56,177454
50,1225,36.62,50.00,0.39,98.56,193009
50,1225,44.98,50.00,0.29,99.34,214375
50,1225,15.20,50.00,0.82,95.12,161490
50,1225,3.17,50.00,0.63,95.12,157698
50,1225,31.69,50.00,0.42,96.93,189078
50,1225,0.30,50.00,0.63,95.12,156087
50,1225,16.46,50.00,1.55,98.97,172290
50,1225,24.96,50.00,1.19,98.97,176074
50,1225,31.13,50.00,1.55,98.97,187095
50,1225,34.46,50.00,1.55,98.97,195883
50,1225,37.30,50.00,0.74,96.61,197598
50,1225,14.36,50.00,2.39,93.80,163343
50,1225,16.65,50.00,2.39,93.80,163326
50,1225,43.85,50.00,0.91,98.72,212380
50,1225,19.41,50.00,1.85,97.85,169751
50,1225,43.28,50.00,0.43,98.24,207346
50,1225,5.28,50.00,2.48,97.85,159473
50,1225,11.58,50.00,2.87,97.85,166548
50,1225,6.97,50.00,2.48,97.85,162369
50,1225,20.51,50.00,1.05,98.65,174841
50,1225,33.05,50.00,0.38,98.65,190280
50,1225,10.68,50.00,0.28,97.10,165348
50,1225,8.68,50.00,0.28,97.10,163939
50,1225,3.77,50.00,1.09,92.65,156981
50,1225,36.56,50.00,0.68,95.73,205522
50,1225,17.12,50.00,1.09,94.77,171080
50,1225,30.81,50.00,1.09,95.27,196764
50,1225,32.85,50.00,1.14,98.64,194625
50,1225,32.86,50.00,1.14,98.64,194625
50,1225,32.86,50.00,1.14,98.64,194625
50,1225,32.86,50.00,1.14,98.64,194625
50,1225,32.86,50.00,0.80,98.37,196466
50,1225,22.12,50.00,0.80,96.15,179209
50,1225,0.10,50.00,0.80,95.90,165987
50,1225,26.65,50.00,0.80,97.52,186291
50,1225,26.71,50.00,0.80,97.52,186291
50,1225,26.71,50.00,0.65,97.72,182760
50,1225,10.89,50.00,1.40,97.72,160878
50,1225,39.81,50.00,0.65,98.61,204093
50,1225,18.98,50.00,0.65,97.72,170061
50,1225,14.15,50.00,0.97,94.89,165901
50,1225,26.54,50.00,0.97,98.06,184632
50,1225,4.24,50.00,1.46,94.89,162034
50,1225,3.95,50.00,1.46,94.89,162034
50,1225,3.95,50.00,1.22,95.62,168700
50,1225,24.23,50.00,1.43,95.69,178654
50,1225,35.61,50.00,1.05,99.29,194925
50,1225,17.51,50.00,1.22,95.62,175315
50,1225,46.77,50.00,0.37,99.40,220661
50,1225,43.91,50.00,0.66,98.71,211971
50,1225,10.79,50.00,1.62,97.85,165185
50,1225,10.90,50.00,1.62,97.85,165185
50,1225,10.90,50.00,2.38,95.48,167013
50,1225,49.22,50.00,0.18,99.86,226509
50,1225,22.95,50.00,1.90,97.76,174982
50,1225,49.97,50.00,0.24,99.98,230719
50,1225,29.13,50.00,1.66,97.67,185802
50,1225,3.34,50.00,1.66,97.27,169933
50,1225,5.13,50.00,1.66,97.27,169933
50,1225,5.13,50.00,1.66,97.27,169933
50,1225,5.13,50.00,2.16,95.96,164832
50,1225,17.50,50.00,0.57,95.96,166446
50,1225,13.01,50.00,2.16,95.96,164648
50,1225,25.07,50.00,0.57,95.96,179605
50,1225,14.34,50.00,0.94,95.12,171481
50,1225,18.62,50.00,0.94,95.12,174491
50,1225,16.13,50.00,0.94,95.12,173316
50,1225,13.27,50.00,0.94,95.12,168959
50,1225,11.01,50.00,1.71,96.32,163494
50,1225,37.54,50.00,1.71,96.32,197947
50,1225,41.92,50.00,1.39,98.36,208159
50,1225,23.18,50.00,1.71,96.32,175249
50,1225,12.47,50.00,0.84,94.74,166158
50,1225,22.71,50.00,0.84,94.74,172266
50,1225,4.73,50.00,0.84,94.74,164705
50,1225,25.78,50.00,0.84,94.74,175616
50,1225,31.87,50.00,0.55,97.97,191376
50,1225,30.98,50.00,0.55,97.97,190874
50,1225,36.11,50.00,0.55,97.97,202492
50,1225,33.14,50.00,0.55,97.97,192302
50,1225,17.68,50.00,1.12,95.73,173532
50,1225,1.67,50.00,1.12,95.73,167117
50,1225,41.85,50.00,1.23,99.04,211837
50,1225,21.27,50.00,1.12,95.73,177054
50,1225,14.12,50.00,0.73,96.59,171358
50,1225,31.32,50.00,0.73,96.59,189479
50,1225,9.75,50.00,0.73,96.59,171358
50,1225,31.32,50.00,0.73,96.59,189479
50,1225,9.75,50.00,0.73,96.59,171358
50,1225,31.32,50.00,0.92,99.13,194985
50,1225,13.37,50.00,0.92,99.13,166367
50,1225,43.63,50.00,0.81,99.45,215499
50,1225,3.59,50.00,0.92,99.13,160520
50,1225,43.15,50.00,0.77,99.23,208975
50,1225,5.49,50.00,0.92,97.95,169188
50,1225,28.73,50.00,0.18,97.95,187923
50,1225,39.61,50.00,0.17,98.25,204290
50,1225,9.16,50.00,0.74,94.41,163613
50,1225,25.80,50.00,0.74,94.41,182644
50,1225,13.46,50.00,0.74,94.41,165408
50,1225,43.02,50.00,0.66,96.29,214591
50,1225,45.64,50.00,0.46,99.09,213359
50,1225,20.80,50.00,0.46,97.48,173921
50,1225,3.74,50.00,0.46,96.99,159707
50,1225,25.79,50.00,0.46,97.48,183082
50,1225,23.93,50.00,0.46,97.48,182220
50,1225,30.95,50.00,0.72,93.59,185552
50,1225,15.13,50.00,0.72,93.59,173389
50,1225,38.39,50.00,0.72,97.41,200659
50,1225,39.99,50.00,0.72,97.41,200624
50,1225,37.51,50.00,1.40,98.29,200623
50,1225,30.88,50.00,1.14,96.68,185030
50,1225,43.26,50.00,1.40,98.86,211546
50,1225,35.95,50.00,1.40,98.29,198352
50,1225,7.79,50.00,0.73,94.95,165925
50,1225,40.15,50.00,1.24,98.40,206542
50,1225,47.53,50.00,1.09,99.54,222708
50,1225,19.72,50.00,0.45,94.95,177328
50,1225,30.69,50.00,0.45,94.95,187731
50,1225,8.71,50.00,0.37,98.95,167196
50,1225,40.37,50.00,1.66,98.95,201155
50,1225,30.31,50.00,1.36,98.95,183644
50,1225,18.43,50.00,0.37,98.95,169061
50,1225,41.58,50.00,0.36,99.29,206101
50,1225,43.78,50.00,0.36,99.29,211315
50,1225,7.17,50.00,2.59,95.37,160791
50,1225,49.75,50.00,0.11,99.89,230406
50,1225,23.38,50.00,1.76,94.25,173649
50,1225,33.94,50.00,0.36,96.76,193433
50,1225,27.85,50.00,1.76,94.25,180897
50,1225,42.24,50.00,0.36,97.52,208399
50,1225,49.09,50.00,0.40,99.45,227853
50,1225,25.14,50.00,1.54,92.77,179383
50,1225,31.50,50.00,0.61,98.31,188985
50,1225,33.50,50.00,0.61,98.31,191722
50,1225,11.93,50.00,0.68,97.76,169035
50,1225,31.92,50.00,1.69,97.76,194008
50,1225,44.52,50.00,0.94,98.40,212425
50,1225,43.55,50.00,0.38,98.40,211911
50,1225,36.13,50.00,1.64,97.76,197728
50,1225,15.23,50.00,2.60,97.57,168329
50,1225,27.26,50.00,1.59,97.57,183223
50,1225,39.77,50.00,1.59,97.74,204612
50,1225,41.21,50.00,1.75,98.76,205123
50,1225,10.53,50.00,2.36,94.18,160145
50,1225,38.65,50.00,0.04,98.67,206387
50,1225,39.97,50.00,0.04,98.67,207783
50,1225,40.07,50.00,0.04,98.67,207783
50,1225,40.07,50.00,1.15,98.80,206098
50,1225,36.97,50.00,0.75,98.80,201845
50,1225,12.22,50.00,2.00,98.80,172944
50,1225,16.82,50.00,2.00,98.80,172944
50,1225,16.82,50.00,1.76,97.87,167176
50,1225,35.45,50.00,1.25,97.87,191049
50,1225,11.08,50.00,1.96,97.87,161210
50,1225,37.58,50.00,0.95,97.87,193439
50,1225,1.74,50.00,1.66,96.07,158041
50,1225,28.06,50.00,0.24,96.69,183210
50,1225,40.55,50.00,0.24,99.02,203158
50,1225,35.96,50.00,0.24,98.46,196234
50,1225,28.60,50.00,0.51,98.63,182447
50,1225,44.93,50.00,0.51,99.53,213447
50,1225,27.34,50.00,0.51,98.63,181405
50,1225,22.40,50.00,0.51,98.63,176026
50,1225,38.54,50.00,0.52,98.98,202898
50,1225,9.21,50.00,1.92,97.96,157462
50,1225,15.07,50.00,1.92,97.96,164706
50,1225,36.71,50.00,0.52,98.98,198007
50,1225,11.27,50.00,0.59,92.67,167222
50,1225,39.23,50.00,0.59,97.68,207050
50,1225,30.47,50.00,0.53,95.92,187885
50,1225,44.94,50.00,0.73,99.49,213799
50,1225,35.06,50.00,0.53,96.85,196075
50,1225,22.05,50.00,1.21,96.12,174752
50,1225,14.99,50.00,1.64,96.12,172740
50,1225,19.19,50.00,1.64,96.12,174050
50,1225,39.99,50.00,0.99,98.06,203491
50,1225,27.96,50.00,1.32,93.94,184937
50,1225,32.72,50.00,0.55,93.94,190987
50,1225,12.98,50.00,1.32,92.50,174177
50,1225,8.60,50.00,1.32,92.50,171562
50,1225,2.76,50.00,0.29,95.51,156060
50,1225,48.02,50.00,0.69,99.66,222916
50,1225,44.32,50.00,0.33,98.04,216471
50,1225,41.50,50.00,1.13,97.49,211000
50,1225,45.81,50.00,1.00,98.64,216326
50,1225,46.81,50.00,0.30,99.73,218524
50,1225,16.72,50.00,1.46,97.95,170270
50,1225,2.25,50.00,1.46,95.71,163150
50,1225,47.83,50.00,1.20,99.64,223918
50,1225,44.60,50.00,0.26,98.99,215057
50,1225,16.35,50.00,1.77,98.99,172073
50,1225,46.60,50.00,0.26,99.53,218162
50,1225,12.91,50.00,1.75,94.29,163688
50,1225,30.27,50.00,0.96,97.60,188878
50,1225,9.23,50.00,1.75,94.29,163688
50,1225,30.27,50.00,0.96,97.60,188878
50,1225,9.23,50.00,0.42,96.45,164048
50,1225,10.03,50.00,0.42,96.45,164048
50,1225,10.03,50.00,0.42,96.45,164048
50,1225,10.03,50.00,0.42,96.45,164048
50,1225,10.03,50.00,0.33,94.74,158657
50,1225,3.75,50.00,0.33,94.74,157820
50,1225,27.78,50.00,0.33,95.65,177602
50,1225,40.24,50.00,0.79,97.90,200110
50,1225,5.54,50.00,1.67,96.74,159368
50,1225,23.74,50.00,1.42,96.74,176901
50,1225,1.50,50.00,1.67,96.74,155834
50,1225,1.64,50.00,1.67,96.74,155834
50,1225,1.64,50.00,1.67,96.74,155834
50,1225,1.64,50.00,0.54,98.00,159310
50,1225,39.76,50.00,1.02,98.00,200526
50,1225,25.24,50.00,1.02,98.00,180199
50,1225,35.82,50.00,1.02,98.00,198053
50,1225,17.96,50.00,1.21,96.41,170538
50,1225,42.28,50.00,0.57,98.95,208119
50,1225,11.60,50.00,1.21,95.38,166031
50,1225,18.88,50.00,1.21,96.41,171539
50,1225,17.80,50.00,1.83,97.86,174179
50,1225,35.05,50.00,0.33,98.43,196080
50,1225,2.74,50.00,1.83,97.86,169311
50,1225,42.73,50.00,0.22,98.43,206135
50,1225,29.64,50.00,1.08,97.60,188364
50,1225,24.68,50.00,2.53,95.71,175567
50,1225,13.77,50.00,1.06,95.71,173828
50,1225,6.59,50.00,1.06,95.71,173828
50,1225,6.59,50.00,0.26,94.50,160464
50,1225,31.65,50.00,0.54,94.72,187602
50,1225,13.32,50.00,0.94,94.72,168579
50,1225,38.14,50.00,0.54,97.68,203060
50,1225,21.97,50.00,0.19,91.96,176559
50,1225,12.63,50.00,0.19,91.96,171476
50,1225,1.86,50.00,0.19,91.96,168515
50,1225,17.44,50.00,0.19,91.96,171476
50,1225,1.86,50.00,0.80,93.64,164610
50,1225,44.24,50.00,0.15,99.10,213002
50,1225,0.39,50.00,0.80,93.64,164610
50,1225,44.24,50.00,0.15,99.10,213002
50,1225,0.39,50.00,0.88,97.83,166601
50,1225,17.55,50.00,0.88,97.83,174756
50,1225,7.52,50.00,0.88,97.83,168387
50,1225,34.68,50.00,0.88,97.83,196814
50,1225,23.78,50.00,1.89,94.81,175321
50,1225,22.21,50.00,1.89,94.81,171550
50,1225,20.50,50.00,1.89,94.43,172601
50,1225,15.97,50.00,1.89,94.43,170776
50,1225,32.69,50.00,0.17,99.15,192880
50,1225,5.71,50.00,0.17,97.88,163088
50,1225,7.50,50.00,0.17,97.88,163088
50,1225,7.50,50.00,0.17,97.88,163088
50,1225,7.50,50.00,0.71,95.01,163720
50,1225,45.65,50.00,0.27,99.02,217046
50,1225,11.73,50.00,0.71,95.01,164372
50,1225,30.54,50.00,1.03,97.95,182369
50,1225,25.88,50.00,1.12,97.40,179675
50,1225,21.78,50.00,1.12,97.40,177021
50,1225,32.16,50.00,1.62,97.40,188927
50,1225,43.24,50.00,0.45,97.88,209581
50,1225,5.39,50.00,1.05,97.42,167936
50,1225,36.14,50.00,1.59,99.03,189581
50,1225,16.55,50.00,1.05,97.42,172804
50,1225,19.27,50.00,1.05,97.42,172804
50,1225,19.27,50.00,1.73,97.80,178497
50,1225,41.31,50.00,0.52,98.02,203450
50,1225,41.26,50.00,0.52,98.02,203450
50,1225,41.26,50.00,0.52,98.02,203450
50,1225,41.26,50.00,0.84,98.83,204524
50,1225,8.19,50.00,2.12,95.69,165889
50,1225,28.98,50.00,1.43,96.85,185533
50,1225,36.94,50.00,0.51,98.08,189150
50,1225,12.90,50.00,1.52,93.94,161287
50,1225,23.63,50.00,0.19,93.94,175103
50,1225,41.84,50.00,1.07,98.27,208321
50,1225,21.71,50.00,1.76,93.94,173197
50,1225,46.91,50.00,0.42,99.48,220982
50,1225,34.30,50.00,1.68,97.98,191457
50,1225,9.04,50.00,1.77,97.96,159603
50,1225,41.44,50.00,0.43,99.23,209682
50,1225,19.51,50.00,1.68,97.96,175024
50,1225,38.67,50.00,1.09,99.62,202296
50,1225,37.93,50.00,1.09,98.89,200853
50,1225,14.34,50.00,2.66,97.19,177082
50,1225,9.11,50.00,2.80,97.19,176138
50,1225,43.94,50.00,0.58,99.40,210992
50,1225,18.68,50.00,1.07,98.48,176010
50,1225,8.59,50.00,1.07,96.81,169313
50,1225,19.72,50.00,1.07,98.48,177628
50,1225,9.66,50.00,1.23,98.01,161986
50,1225,8.69,50.00,1.23,98.01,161627
50,1225,36.01,50.00,0.44,98.01,201307
50,1225,8.95,50.00,1.23,98.01,161986
50,1225,8.69,50.00,1.18,99.17,165111
50,1225,19.40,50.00,1.18,99.17,172351
50,1225,49.21,50.00,0.17,99.83,227925
50,1225,7.74,50.00,1.18,99.17,165111
50,1225,19.40,50.00,2.77,96.55,173721
50,1225,25.01,50.00,2.74,96.55,183468
50,1225,35.74,50.00,2.22,96.55,199334
50,1225,18.01,50.00,2.77,96.55,172075
50,1225,42.78,50.00,0.86,98.27,207875
50,1225,18.67,50.00,0.77,97.90,176285
50,1225,14.18,50.00,0.77,97.90,174057
50,1225,40.86,50.00,0.31,98.65,207486
50,1225,1.77,50.00,0.77,97.90,172693
50,1225,37.52,50.00,1.13,97.70,199378
50,1225,0.48,50.00,2.98,97.70,160402
50,1225,1.75,50.00,2.98,97.70,161534
50,1225,12.45,50.00,2.98,97.70,166370
50,1225,33.75,50.00,1.30,98.08,191131
50,1225,22.42,50.00,1.30,98.08,177378
50,1225,17.91,50.00,1.30,98.08,173286
50,1225,26.06,50.00,1.30,98.08,178893
50,1225,30.99,50.00,0.94,97.12,186251
50,1225,41.09,50.00,0.24,97.73,206555
50,1225,6.68,50.00,0.94,97.12,163567
50,1225,45.88,50.00,0.94,99.28,217037
50,1225,30.01,50.00,1.47,97.87,186886
50,1225,34.18,50.00,1.47,97.87,197989
50,1225,19.22,50.00,1.47,95.22,176942
50,1225,35.12,50.00,1.47,97.87,197989
50,1225,19.22,50.00,1.42,94.54,172315
50,1225,31.80,50.00,1.15,98.91,192507
50,1225,44.07,50.00,0.17,99.39,213940
50,1225,19.19,50.00,1.42,94.54,172315
50,1225,31.80,50.00,1.43,95.83,198033
50,1225,25.52,50.00,1.60,95.07,186823
50,1225,30.81,50.00,1.43,95.83,192354
50,1225,47.59,50.00,0.37,99.83,218698
50,1225,47.00,50.00,0.42,99.85,221104
50,1225,10.15,50.00,0.73,95.05,170007
50,1225,22.04,50.00,0.73,95.05,176119
50,1225,15.68,50.00,0.73,95.05,175180
50,1225,36.95,50.00,0.32,97.91,199016
50,1225,42.72,50.00,0.32,98.79,209151
50,1225,25.39,50.00,0.65,97.82,185238
50,1225,11.77,50.00,0.71,97.82,166008
50,1225,45.58,50.00,0.05,98.74,218254
50,1225,27.15,50.00,0.95,96.29,186990
50,1225,8.82,50.00,0.95,96.29,170105
50,1225,2.32,50.00,0.95,96.29,169378
50,1225,27.23,50.00,1.33,98.06,185701
50,1225,16.60,50.00,1.33,98.06,177833
50,1225,20.27,50.00,1.33,98.06,178638
50,1225,37.93,50.00,0.68,99.02,202846
50,1225,21.69,50.00,0.52,97.07,175529
50,1225,43.83,50.00,0.78,98.39,213423
50,1225,6.84,50.00,0.52,97.07,165829
50,1225,17.44,50.00,0.52,97.07,170898
50,1225,46.21,50.00,0.74,99.68,217877
50,1225,5.36,50.00,1.26,98.19,167741
50,1225,25.32,50.00,1.26,98.19,180409
50,1225,18.71,50.00,1.26,98.19,174095
50,1225,44.09,50.00,0.53,98.04,210245
50,1225,46.62,50.00,0.53,99.11,217507
50,1225,28.25,50.00,1.00,96.37,184290
50,1225,21.82,50.00,1.00,95.50,175481
50,1225,41.69,50.00,0.33,99.07,207000
50,1225,19.46,50.00,0.66,96.92,179362
50,1225,45.27,50.00,0.28,99.07,217295
50,1225,1.99,50.00,0.66,96.92,168402
50,1225,44.80,50.00,0.74,99.19,214075
50,1225,10.36,50.00,0.68,98.83,170598
50,1225,29.69,50.00,0.68,98.83,188659
50,1225,34.19,50.00,0.68,98.83,193656
50,1225,15.71,50.00,0.67,99.20,175019
50,1225,35.58,50.00,0.91,99.20,194785
50,1225,9.25,50.00,1.93,97.09,165241
50,1225,43.47,50.00,0.62,99.20,209295
50,1225,8.01,50.00,1.38,97.70,156588
50,1225,18.28,50.00,1.38,98.32,172813
50,1225,29.33,50.00,1.11,98.32,188008
50,1225,32.02,50.00,1.11,98.32,192793
50,1225,0.53,50.00,1.38,97.70,154407
50,1225,33.77,50.00,0.50,97.72,193252
50,1225,17.19,50.00,1.66,96.04,171586
50,1225,19.73,50.00,1.66,96.04,173032
50,1225,13.17,50.00,1.66,96.04,168391
50,1225,39.44,50.00,0.38,97.14,201016
50,1225,36.15,50.00,0.38,97.14,196803
50,1225,6.08,50.00,0.49,96.66,162036
50,1225,44.75,50.00,0.38,98.14,217130
50,1225,23.81,50.00,0.45,98.71,183145
50,1225,41.47,50.00,0.45,98.71,204661
50,1225,17.09,50.00,0.45,97.67,176994
50,1225,29.56,50.00,0.45,98.71,187118
50,1225,30.75,50.00,0.30,98.16,187409
50,1225,14.87,50.00,1.25,98.16,175691
50,1225,11.21,50.00,1.25,98.16,175691
50,1225,11.21,50.00,1.25,98.16,175691
50,1225,11.21,50.00,1.29,95.19,160290
50,1225,17.96,50.00,1.29,95.19,163691
50,1225,16.39,50.00,1.29,95.19,161497
50,1225,39.29,50.00,0.56,98.81,198450
50,1225,38.52,50.00,0.55,98.46,202576
50,1225,6.63,50.00,1.24,97.06,160114
50,1225,32.49,50.00,0.69,97.86,192337
50,1225,35.70,50.00,0.55,98.46,198718
50,1225,16.89,50.00,1.11,91.03,168088
50,1225,14.24,50.00,1.11,91.03,163536
50,1225,1.17,50.00,1.11,91.03,161559
50,1225,42.64,50.00,0.49,99.66,211206
50,1225,27.39,50.00,0.94,95.07,184062
50,1225,26.39,50.00,1.04,98.31,184072
50,1225,21.90,50.00,1.04,98.31,179479
50,1225,21.85,50.00,1.04,98.31,179479
50,1225,21.85,50.00,1.04,98.31,179479
50,1225,21.85,50.00,2.24,98.29,175986
50,1225,16.31,50.00,2.24,95.79,169906
50,1225,32.47,50.00,2.15,98.29,189255
50,1225,32.07,50.00,2.15,98.29,189255
50,1225,32.07,50.00,1.24,99.05,189798
50,1225,26.91,50.00,1.98,99.05,179728
50,1225,32.77,50.00,1.24,99.05,190659
50,1225,27.27,50.00,1.98,99.05,179728
50,1225,32.77,50.00,0.89,97.46,190464
50,1225,22.13,50.00,0.46,97.46,173470
50,1225,40.79,50.00,0.89,98.25,204126
50,1225,21.43,50.00,0.46,97.46,173449
50,1225,9.73,50.00,2.68,98.34,166124
50,1225,48.66,50.00,0.42,99.79,224442
50,1225,44.70,50.00,0.35,99.70,215491
50,1225,36.31,50.00,1.05,99.70,190121
50,1225,21.51,50.00,1.29,93.53,181566
50,1225,38.75,50.00,0.86,98.19,203418
50,1225,31.82,50.00,1.29,98.19,190175
50,1225,22.04,50.00,1.29,93.53,181566
50,1225,38.75,50.00,0.35,96.38,203479
50,1225,36.77,50.00,0.35,96.38,203328
50,1225,15.29,50.00,0.42,96.38,176916
50,1225,6.35,50.00,0.42,96.38,169457
50,1225,24.45,50.00,0.05,96.70,178833
50,1225,31.82,50.00,0.05,97.16,188432
50,1225,17.33,50.00,0.05,96.70,174025
50,1225,40.44,50.00,0.05,98.62,205900
50,1225,49.02,50.00,0.24,99.80,227596
50,1225,12.64,50.00,0.89,95.77,163656
50,1225,42.69,50.00,0.41,97.92,208001
50,1225,8.37,50.00,0.70,95.77,159280
50,1225,21.55,50.00,1.65,95.78,171748
50,1225,30.35,50.00,1.65,98.97,190438
50,1225,32.68,50.00,1.65,98.97,195566
50,1225,14.82,50.00,1.65,95.78,166845
50,1225,18.48,50.00,1.56,98.98,168147
50,1225,20.28,50.00,1.56,98.98,168821
50,1225,23.16,50.00,1.56,98.98,174024
50,1225,1.73,50.00,2.46,98.98,156424
50,1225,49.59,50.00,0.06,99.91,226973
50,1225,26.21,50.00,1.23,98.62,180026
50,1225,15.39,50.00,2.13,98.62,169529
50,1225,33.42,50.00,1.23,98.62,194801
50,1225,40.43,50.00,0.29,98.62,203330
50,1225,28.81,50.00,1.42,96.29,181360
50,1225,21.74,50.00,1.27,96.29,172312
50,1225,21.00,50.00,1.27,96.29,167945
50,1225,49.81,50.00,0.07,99.91,228427
50,1225,47.96,50.00,0.45,99.50,221064
50,1225,29.96,50.00,0.57,98.78,181665
50,1225,34.22,50.00,0.54,98.78,190657
50,1225,28.65,50.00,0.57,98.78,179355
50,1225,28.55,50.00,0.99,98.54,181650
50,1225,47.04,50.00,0.34,99.48,217805
50,1225,8.86,50.00,1.10,98.02,166525
50,1225,32.22,50.00,0.99,98.54,185899
50,1225,41.55,50.00,0.29,99.20,206706
50,1225,18.38,50.00,0.95,97.54,168763
50,1225,31.11,50.00,0.95,97.54,184269
50,1225,46.36,50.00,0.21,99.20,217220
50,1225,6.26,50.00,0.56,95.05,155825
50,1225,33.32,50.00,0.39,97.85,196282
50,1225,21.21,50.00,0.56,96.18,169670
50,1225,32.12,50.00,0.39,97.85,192735
50,1225,18.81,50.00,0.90,98.64,177570
50,1225,3.76,50.00,0.90,98.13,166534
50,1225,31.13,50.00,0.90,98.64,186642
50,1225,25.98,50.00,0.90,98.64,180796
50,1225,22.67,50.00,0.90,98.64,177570
50,1225,3.76,50.00,0.19,96.84,159703
50,1225,13.02,50.00,0.19,96.84,167024
50,1225,1.39,50.00,0.19,96.84,159703