nodes,edges,inner radius,outer radius,minimum distance,maximum distance,crossings
22,38,0.00,50.00,7.70,80.02,160
37,230,0.00,50.00,6.08,93.59,6100
62,212,0.00,50.00,4.22,93.59,5941
38,60,0.00,50.00,6.08,93.59,461
76,1638,0.00,50.00,0.22,96.73,311889
10,45,0.00,50.00,1.71,86.05,192
42,398,0.00,50.00,1.71,98.01,18418
49,991,0.00,50.00,1.71,98.09,115471
40,376,0.00,50.00,1.71,98.01,16127
79,1721,0.00,50.00,1.71,98.36,353348
85,2863,0.00,50.00,0.23,98.85,976886
52,281,0.00,50.00,1.66,92.64,8946
17,115,0.00,50.00,8.06,83.57,1480
13,65,0.00,50.00,8.06,83.57,491
86,2384,0.00,50.00,0.99,98.53,659449
18,109,0.00,50.00,4.88,92.04,1241
34,40,0.00,50.00,7.19,84.43,220
49,312,0.00,50.00,2.58,97.14,10110
51,758,0.00,50.00,0.87,97.14,64355
46,82,0.00,50.00,7.19,84.43,709
27,62,0.00,50.00,5.65,84.43,471
26,164,0.00,50.00,1.75,92.04,2993
77,2203,0.00,50.00,0.87,97.77,555113
45,794,0.00,50.00,2.28,96.33,73526
59,1617,0.00,50.00,0.80,94.67,308664
23,51,0.00,50.00,8.05,81.81,291
77,1690,0.00,50.00,0.80,95.66,338856
90,806,0.00,50.00,1.39,91.03,74516
84,2400,0.00,50.00,0.60,97.84,690211
86,2152,0.00,50.00,1.10,95.82,539841
31,387,0.00,50.00,4.49,93.96,17680
52,694,0.00,50.00,1.50,93.96,56019
55,1251,0.00,50.00,0.95,98.72,166712
61,771,0.00,50.00,0.95,98.72,69287
75,2477,0.00,50.00,0.95,98.72,683788
56,471,0.00,50.00,0.47,88.44,24952
17,73,0.00,50.00,13.12,93.68,523
32,395,0.00,50.00,2.30,96.65,17631
100,4126,0.00,50.00,0.83,98.21,2086731
83,431,0.00,50.00,0.96,92.05,20243
52,204,0.00,50.00,0.96,91.89,4265
43,622,0.00,50.00,0.96,91.89,43219
27,204,0.00,50.00,0.96,91.89,4693
38,553,0.00,50.00,0.96,91.89,33241
14,80,0.00,50.00,6.67,84.31,629
97,3910,0.00,50.00,0.96,99.30,1793425
87,916,0.00,50.00,1.39,96.90,98746
67,1129,0.00,50.00,2.31,96.92,142636
60,1478,0.00,50.00,1.35,93.64,253987
22,42,0.00,50.00,7.94,77.83,259
59,1209,0.00,50.00,1.35,93.64,169473
45,602,0.00,50.00,2.27,95.04,43578
88,199,0.00,50.00,3.54,89.93,4793
72,590,0.00,50.00,2.50,95.37,40709
61,907,0.00,50.00,2.50,96.13,94174
53,437,0.00,50.00,4.23,95.04,20745
38,360,0.00,50.00,2.27,92.76,15171
63,493,0.00,50.00,2.50,95.37,28387
86,2046,0.00,50.00,0.22,96.13,489930
28,32,0.00,50.00,6.07,79.55,103
82,818,0.00,50.00,1.34,97.69,75878
85,2109,0.00,50.00,0.38,98.33,517745
41,251,0.00,50.00,3.15,90.63,7341
15,27,0.00,50.00,7.34,81.81,95
40,321,0.00,50.00,2.45,91.55,11691
32,367,0.00,50.00,2.17,91.55,16195
80,350,0.00,50.00,1.94,92.57,14276
43,112,0.00,50.00,3.15,87.53,1512
48,972,0.00,50.00,0.88,91.55,115110
51,927,0.00,50.00,1.90,93.95,99684
86,2484,0.00,50.00,0.45,97.85,718431
39,247,0.00,50.00,3.90,95.06,7323
20,115,0.00,50.00,4.42,94.11,1544
97,4344,0.00,50.00,0.74,99.04,2208787
54,306,0.00,50.00,2.10,94.51,9836
18,153,0.00,50.00,6.09,86.25,2338
99,3169,0.00,50.00,0.41,99.21,1162258
65,570,0.00,50.00,0.36,94.47,35755
85,1381,0.00,50.00,0.36,96.88,221541
28,289,0.00,50.00,1.38,91.28,9612
23,33,0.00,50.00,19.25,85.11,119
71,714,0.00,50.00,1.38,96.88,57302
74,163,0.00,50.00,2.28,88.02,2889
78,1646,0.00,50.00,1.35,98.60,313438
70,1562,0.00,50.00,0.43,96.83,280184
67,1635,0.00,50.00,1.37,98.97,287645
41,344,0.00,50.00,1.57,92.68,11904
18,43,0.00,50.00,1.57,92.68,181
65,127,0.00,50.00,1.37,92.68,1680
74,834,0.00,50.00,1.37,94.03,73837
75,288,0.00,50.00,1.57,93.69,9406
24,183,0.00,50.00,3.36,93.87,4001
77,1884,0.00,50.00,2.54,98.20,408952
26,44,0.00,50.00,3.88,92.93,161
61,83,0.00,50.00,5.10,95.86,799
90,1600,0.00,50.00,1.97,98.20,293703
36,291,0.00,50.00,4.26,99.31,9109
72,1143,0.00,50.00,1.05,99.31,150937
37,235,0.00,50.00,2.61,99.31,5912
47,1033,0.00,50.00,2.16,99.31,116953
29,92,0.00,50.00,6.41,94.19,1214
84,2479,0.00,50.00,1.21,98.45,736027
58,93,0.00,50.00,3.83,89.37,1034
77,1752,0.00,50.00,1.40,97.82,347924
61,1606,0.00,50.00,2.36,98.16,296889
47,803,0.00,50.00,2.36,96.41,74773
63,1081,0.00,50.00,2.36,98.16,134920
90,1902,0.00,50.00,1.09,97.16,409443
39,323,0.00,50.00,3.19,97.14,11627
10,45,0.00,50.00,10.83,97.14,217
50,296,0.00,50.00,3.19,97.14,9965
22,222,0.00,50.00,6.46,90.46,5626
99,1722,0.00,50.00,0.37,97.90,336948
77,1299,0.00,50.00,0.37,97.90,184007
23,204,0.00,50.00,2.97,93.78,4264
38,205,0.00,50.00,2.97,94.16,4730
33,414,0.00,50.00,2.57,96.88,18152
76,2200,0.00,50.00,1.19,97.69,538150
16,41,0.00,50.00,11.84,75.22,194
49,1088,0.00,50.00,1.63,95.12,137343
54,340,0.00,50.00,3.96,92.03,13209
38,567,0.00,50.00,2.84,94.83,36574
37,269,0.00,50.00,2.84,92.03,8643
35,124,0.00,50.00,2.84,83.01,1714
23,32,0.00,50.00,17.27,82.68,107
49,617,0.00,50.00,1.63,95.12,45006
90,202,0.00,50.00,6.64,91.18,4780
72,457,0.00,50.00,3.82,94.48,25062
49,1007,0.00,50.00,1.63,95.12,117308
42,423,0.00,50.00,2.74,96.49,22432
21,22,0.00,50.00,8.20,61.55,31
85,2418,0.00,50.00,1.36,97.52,695440
85,1963,0.00,50.00,1.40,96.82,416209
78,501,0.00,50.00,2.96,93.16,28956
70,1190,0.00,50.00,2.05,93.16,159985
50,756,0.00,50.00,2.05,90.72,65769
86,1414,0.00,50.00,1.11,93.81,229583
80,893,0.00,50.00,2.43,93.82,91083
69,741,0.00,50.00,2.43,97.37,62327
30,369,0.00,50.00,2.35,98.77,14552
62,1314,0.00,50.00,1.06,98.77,186088
15,86,0.00,50.00,4.71,88.77,783
17,39,0.00,50.00,6.21,88.77,162
27,40,0.00,50.00,6.21,88.77,173
23,61,0.00,50.00,4.71,88.77,381
68,739,0.00,50.00,1.15,93.77,64362
26,274,0.00,50.00,0.96,92.94,8777
31,178,0.00,50.00,6.21,92.36,3328
46,380,0.00,50.00,1.58,99.06,17919
37,146,0.00,50.00,1.58,92.36,2653
73,828,0.00,50.00,1.15,98.33,81340
99,1965,0.00,50.00,1.57,98.33,435498
68,1405,0.00,50.00,0.97,96.97,231460
33,137,0.00,50.00,3.58,91.69,2082
29,294,0.00,50.00,3.08,91.69,9673
81,526,0.00,50.00,3.08,95.54,30992
17,130,0.00,50.00,3.50,91.69,1938
52,409,0.00,50.00,3.08,95.54,19243
43,649,0.00,50.00,0.97,95.54,47956
55,622,0.00,50.00,0.97,95.54,45211
31,266,0.00,50.00,2.25,85.55,8309
74,390,0.00,50.00,2.25,94.76,17177
93,907,0.00,50.00,2.25,93.84,95795
90,2347,0.00,50.00,1.50,97.52,651743
64,589,0.00,50.00,1.31,97.02,42616
68,1023,0.00,50.00,0.87,96.10,120615
100,2125,0.00,50.00,0.84,96.81,530056
47,99,0.00,50.00,2.79,99.66,1369
59,417,0.00,50.00,1.20,99.66,19938
42,831,0.00,50.00,0.25,99.66,77167
16,26,0.00,50.00,5.23,93.60,78
73,1544,0.00,50.00,1.38,97.54,283224
52,431,0.00,50.00,2.19,97.54,21374
46,183,0.00,50.00,1.38,96.17,3505
59,763,0.00,50.00,1.38,97.54,66058
35,164,0.00,50.00,1.38,91.36,2926
50,1181,0.00,50.00,0.42,97.54,165412
72,292,0.00,50.00,3.84,87.80,9292
60,308,0.00,50.00,3.84,94.74,10591
27,216,0.00,50.00,3.86,88.83,5194
89,1718,0.00,50.00,1.14,94.74,340848
92,2945,0.00,50.00,0.30,97.44,1004984
60,1066,0.00,50.00,0.67,96.16,128438
21,21,0.00,50.00,7.54,81.01,34
85,1547,0.00,50.00,0.09,95.99,281993
39,504,0.00,50.00,2.54,92.98,29795
14,48,0.00,50.00,0.39,81.01,229
14,84,0.00,50.00,0.39,81.01,683
95,3022,0.00,50.00,0.09,95.99,1057571
68,908,0.00,50.00,3.08,96.62,93708
51,1025,0.00,50.00,2.64,98.13,121904
13,58,0.00,50.00,0.35,89.18,292
17,120,0.00,50.00,3.59,89.18,1568
38,232,0.00,50.00,5.11,98.13,6244
100,4503,0.00,50.00,0.60,99.41,2364882
93,1411,0.00,50.00,1.01,97.08,223580
36,427,0.00,50.00,1.01,91.02,21817
100,2942,0.00,50.00,0.51,99.69,981355
33,483,0.00,50.00,2.20,98.78,26434
60,839,0.00,50.00,1.12,98.78,80935
15,102,0.00,50.00,6.57,75.74,1109
11,19,0.00,50.00,20.80,72.47,46
37,60,0.00,50.00,4.86,78.31,427
80,1496,0.00,50.00,1.04,98.78,262992
39,650,0.00,50.00,1.08,94.85,49350
41,122,0.00,50.00,8.13,93.35,1772
91,1466,0.00,50.00,0.40,97.31,255420
22,111,0.00,50.00,6.18,94.85,1511
37,307,0.00,50.00,1.08,94.85,11177
68,306,0.00,50.00,1.08,94.85,11117
75,1953,0.00,50.00,0.40,97.81,445960
53,725,0.00,50.00,0.90,94.85,59280
79,1684,0.00,50.00,0.90,97.67,320048
77,2675,0.00,50.00,0.49,96.73,810176
10,24,0.00,50.00,5.27,67.86,49
97,2758,0.00,50.00,0.43,99.52,837203
93,3812,0.00,50.00,0.54,97.56,1693859
39,611,0.00,50.00,3.74,94.67,43168
65,469,0.00,50.00,2.38,96.02,22913
43,672,0.00,50.00,0.87,94.67,50758
69,767,0.00,50.00,2.38,96.02,64093
97,1991,0.00,50.00,1.18,98.76,458105
16,104,0.00,50.00,1.73,97.08,1328
86,555,0.00,50.00,1.73,97.08,39238
52,763,0.00,50.00,1.73,97.08,68214
95,3262,0.00,50.00,0.81,98.20,1219550
60,773,0.00,50.00,2.73,95.66,69075
95,1594,0.00,50.00,0.89,97.19,295574
13,49,0.00,50.00,4.38,94.94,224
99,3708,0.00,50.00,1.04,97.85,1605731
96,4500,0.00,50.00,0.37,98.03,2323647
43,516,0.00,50.00,0.76,95.16,29236
38,482,0.00,50.00,0.76,95.16,24655
40,567,0.00,50.00,0.76,96.96,35137
52,687,0.00,50.00,0.44,96.53,55292
84,2124,0.00,50.00,0.44,96.60,516720
76,707,0.00,50.00,2.12,96.15,56673
40,311,0.00,50.00,3.43,92.88,11200
13,17,0.00,50.00,7.35,86.49,23
49,1052,0.00,50.00,2.76,96.04,126618
62,1127,0.00,50.00,1.29,96.04,144293
13,72,0.00,50.00,7.35,89.40,582
68,215,0.00,50.00,5.47,92.88,5534
83,695,0.00,50.00,3.43,96.15,55925
91,94,0.00,50.00,3.43,92.88,923
96,1359,0.00,50.00,2.17,98.67,211789
99,3664,0.00,50.00,1.06,98.32,1520863
10,11,0.00,50.00,12.52,94.07,16
53,169,0.00,50.00,2.28,94.07,3255
52,1258,0.00,50.00,1.04,94.96,181951
36,109,0.00,50.00,3.49,94.07,1311
55,1281,0.00,50.00,1.04,95.28,188320
73,125,0.00,50.00,8.44,94.24,2021
49,966,0.00,50.00,1.90,96.64,113393
37,607,0.00,50.00,1.90,94.24,42483
44,429,0.00,50.00,3.99,94.24,21261
93,2088,0.00,50.00,0.63,99.24,526798
43,677,0.00,50.00,2.67,93.97,52254
58,1436,0.00,50.00,2.67,97.77,229774
32,239,0.00,50.00,2.04,92.17,6323
39,621,0.00,50.00,1.18,94.34,43470
13,64,0.00,50.00,4.14,86.96,452
49,875,0.00,50.00,0.53,98.03,86469
40,531,0.00,50.00,1.18,94.34,31725
82,1581,0.00,50.00,0.53,98.03,287350
25,179,0.00,50.00,9.41,92.32,3352
39,635,0.00,50.00,2.32,98.68,44389
80,1555,0.00,50.00,1.76,98.55,273991
74,2640,0.00,50.00,1.76,98.80,802668
73,1335,0.00,50.00,1.76,97.58,213936
82,632,0.00,50.00,1.98,97.58,45640
33,339,0.00,50.00,2.21,92.43,13268
23,42,0.00,50.00,5.18,80.02,230
21,89,0.00,50.00,2.21,80.02,911
27,110,0.00,50.00,2.89,80.02,1361
16,74,0.00,50.00,2.89,87.82,601
83,3021,0.00,50.00,0.52,97.58,1084808
38,142,0.00,50.00,1.08,95.33,2004
79,2231,0.00,50.00,1.08,97.54,564186
63,1336,0.00,50.00,2.06,96.67,207022
36,374,0.00,50.00,3.12,94.16,15872
87,2545,0.00,50.00,1.73,98.92,766292
64,629,0.00,50.00,0.48,95.99,43041
71,566,0.00,50.00,0.48,95.99,34183
66,171,0.00,50.00,5.17,90.02,3054
62,1070,0.00,50.00,0.48,97.26,128165
30,368,0.00,50.00,0.48,98.42,14743
94,2497,0.00,50.00,0.48,97.26,696076
51,91,0.00,50.00,4.54,87.94,840
21,29,0.00,50.00,1.64,95.79,53
17,103,0.00,50.00,8.63,95.79,1104
29,301,0.00,50.00,0.82,95.79,9626
73,1006,0.00,50.00,1.67,95.79,108514
46,614,0.00,50.00,0.82,95.79,43981
55,485,0.00,50.00,4.16,95.79,27219
82,406,0.00,50.00,1.67,95.79,18198
64,1253,0.00,50.00,0.82,95.79,174433
65,821,0.00,50.00,1.87,95.79,74866
20,100,0.00,50.00,3.22,92.67,1244
65,1040,0.00,50.00,1.72,99.71,118931
48,109,0.00,50.00,2.04,97.06,1332
87,2008,0.00,50.00,1.27,99.71,465125
22,105,0.00,50.00,6.30,91.51,1142
45,947,0.00,50.00,0.91,95.33,105799
70,677,0.00,50.00,1.60,97.15,52675
41,622,0.00,50.00,0.91,95.31,43476
42,219,0.00,50.00,3.76,95.31,5422
51,616,0.00,50.00,2.45,97.15,43283
62,1763,0.00,50.00,0.91,99.02,351745
18,103,0.00,50.00,1.85,94.93,1090
59,444,0.00,50.00,2.00,96.42,22238
75,1854,0.00,50.00,0.21,96.42,393031
88,2700,0.00,50.00,0.63,97.54,811282
22,44,0.00,50.00,7.06,96.19,186
87,3242,0.00,50.00,0.49,97.49,1247750
18,106,0.00,50.00,3.78,94.31,1277
30,118,0.00,50.00,3.78,94.31,1729
65,1868,0.00,50.00,0.70,99.18,401328
55,733,0.00,50.00,2.88,94.54,60892
88,3790,0.00,50.00,1.17,97.66,1656994
97,4410,0.00,50.00,0.89,97.24,2221575
51,1057,0.00,50.00,0.89,97.18,131373
60,879,0.00,50.00,1.38,97.18,90176
43,887,0.00,50.00,1.38,96.07,89963
73,2440,0.00,50.00,0.89,97.40,702004
66,1658,0.00,50.00,1.18,95.00,320549
12,15,0.00,50.00,6.29,80.12,29
47,751,0.00,50.00,1.95,92.04,64629
74,2697,0.00,50.00,0.75,95.87,844378
34,465,0.00,50.00,0.71,92.03,22959
88,1927,0.00,50.00,1.44,98.37,431896
81,577,0.00,50.00,1.12,95.62,38440
88,111,0.00,50.00,7.92,91.02,1260
76,2364,0.00,50.00,0.55,97.70,665981
62,1558,0.00,50.00,1.26,97.84,281872
77,884,0.00,50.00,0.40,97.81,89191
57,201,0.00,50.00,0.40,94.63,4560
27,324,0.00,50.00,2.92,95.14,11579
63,1184,0.00,50.00,0.40,97.53,159732
55,759,0.00,50.00,0.40,97.39,67521
67,2007,0.00,50.00,1.94,95.83,458282
60,335,0.00,50.00,3.68,97.50,12715
73,855,0.00,50.00,0.86,97.50,85592
12,47,0.00,50.00,8.75,89.09,245
60,344,0.00,50.00,3.68,97.50,13672
71,2083,0.00,50.00,0.15,97.50,477146
32,377,0.00,50.00,1.42,94.82,14561
99,1395,0.00,50.00,2.71,95.76,219267
33,470,0.00,50.00,1.42,94.82,23068
45,155,0.00,50.00,4.74,90.84,2331
52,420,0.00,50.00,3.39,94.88,19120
96,4490,0.00,50.00,1.13,94.88,2274090
70,872,0.00,50.00,1.77,95.07,87903
24,63,0.00,50.00,5.61,84.27,381
50,503,0.00,50.00,2.69,92.99,28335
54,527,0.00,50.00,2.69,92.99,31433
27,236,0.00,50.00,4.14,87.42,5923
40,591,0.00,50.00,3.96,92.99,38693
79,748,0.00,50.00,0.22,95.07,63741
85,601,0.00,50.00,2.19,96.21,39515
37,436,0.00,50.00,2.19,94.14,23019
33,171,0.00,50.00,4.28,93.26,3192
13,63,0.00,50.00,4.05,90.23,466
44,459,0.00,50.00,0.90,96.26,24464
79,1828,0.00,50.00,0.51,96.25,378137
100,2035,0.00,50.00,1.07,96.21,473484
36,69,0.00,50.00,6.03,91.97,444
32,485,0.00,50.00,2.58,98.23,27754
42,576,0.00,50.00,2.58,98.23,38545
53,1319,0.00,50.00,2.16,97.97,200627
93,1258,0.00,50.00,1.57,97.65,179930
95,2365,0.00,50.00,0.96,99.12,647912
71,2344,0.00,50.00,1.60,96.59,611061
76,2548,0.00,50.00,0.52,96.93,727310
47,313,0.00,50.00,4.07,91.10,11846
61,1730,0.00,50.00,0.78,95.60,351244
65,1546,0.00,50.00,0.37,96.91,271153
77,1859,0.00,50.00,1.68,97.18,408131
87,255,0.00,50.00,3.41,91.78,7748
99,3792,0.00,50.00,1.06,98.09,1676847
23,73,0.00,50.00,4.02,95.17,682
61,1605,0.00,50.00,0.57,96.20,296826
13,55,0.00,50.00,11.24,91.59,349
28,239,0.00,50.00,2.10,96.20,6113
71,2365,0.00,50.00,0.57,96.56,655787
74,1089,0.00,50.00,1.10,95.75,133718
77,1947,0.00,50.00,0.98,95.75,426281
17,40,0.00,50.00,11.26,90.36,208
52,692,0.00,50.00,2.32,95.18,52358
83,1416,0.00,50.00,0.49,94.78,234832
54,1032,0.00,50.00,0.49,95.18,119628
57,189,0.00,50.00,2.09,94.33,3386
69,173,0.00,50.00,0.88,95.98,2600
11,25,0.00,50.00,11.20,92.71,45
61,1175,0.00,50.00,0.72,95.64,151707
15,90,0.00,50.00,2.09,94.33,832
75,2092,0.00,50.00,0.72,97.18,486719
37,288,0.00,50.00,0.84,91.49,9534
18,109,0.00,50.00,6.70,91.49,1197
15,32,0.00,50.00,6.70,91.49,99
11,28,0.00,50.00,7.45,91.49,78
88,3789,0.00,50.00,0.64,98.24,1724612
95,2315,0.00,50.00,0.68,96.79,614996
22,188,0.00,50.00,1.40,96.36,3728
32,238,0.00,50.00,3.96,96.40,5759
90,2233,0.00,50.00,0.59,97.94,570785
85,2578,0.00,50.00,1.31,97.70,775860
18,24,0.00,50.00,7.47,92.09,53
90,2877,0.00,50.00,1.15,95.28,978326
88,3288,0.00,50.00,0.59,97.26,1236717
41,404,0.00,50.00,0.80,96.01,18910
62,699,0.00,50.00,0.80,95.87,57834
84,1610,0.00,50.00,0.80,96.27,311797
37,261,0.00,50.00,4.66,96.01,8334
75,526,0.00,50.00,0.80,95.07,31244
71,1632,0.00,50.00,0.80,95.87,327115
51,1251,0.00,50.00,1.72,96.82,180109
11,40,0.00,50.00,13.17,92.71,144
26,230,0.00,50.00,2.27,94.24,5727
79,752,0.00,50.00,1.76,99.35,66021
39,266,0.00,50.00,2.77,96.79,8007
80,1231,0.00,50.00,1.76,99.35,178284
31,191,0.00,50.00,2.64,96.17,4553
36,257,0.00,50.00,3.79,95.72,7436
82,622,0.00,50.00,1.20,98.31,44217
76,2341,0.00,50.00,1.20,98.31,630502
12,54,0.00,50.00,1.33,76.73,269
50,229,0.00,50.00,1.33,90.88,5576
49,691,0.00,50.00,1.33,93.62,56601
81,863,0.00,50.00,1.33,93.74,88429
95,4034,0.00,50.00,0.34,99.32,1857541
61,1410,0.00,50.00,1.12,98.48,227738
52,260,0.00,50.00,4.20,89.36,7522
85,2165,0.00,50.00,2.04,97.98,523016
95,3277,0.00,50.00,0.25,97.11,1219733
18,58,0.00,50.00,5.59,88.71,353
94,956,0.00,50.00,1.06,92.83,109876
80,298,0.00,50.00,5.59,89.90,10049
79,1833,0.00,50.00,0.72,96.60,406667
62,1001,0.00,50.00,0.72,94.12,119682
81,1840,0.00,50.00,1.55,96.16,401496
18,91,0.00,50.00,5.40,97.56,905
37,546,0.00,50.00,1.87,97.56,33837
89,1879,0.00,50.00,1.55,96.16,418335
41,474,0.00,50.00,2.53,98.80,25196
62,312,0.00,50.00,2.53,98.80,10158
77,2680,0.00,50.00,1.54,98.80,839207
45,157,0.00,50.00,0.51,94.26,2569
29,252,0.00,50.00,0.51,91.17,6499
97,3119,0.00,50.00,0.51,97.27,1121966
72,1153,0.00,50.00,1.27,97.01,149764
35,364,0.00,50.00,1.90,93.60,14931
84,2976,0.00,50.00,0.38,98.46,981807
61,821,0.00,50.00,2.07,98.27,80446
12,62,0.00,50.00,7.25,83.33,447
77,1872,0.00,50.00,0.84,99.74,403072
34,110,0.00,50.00,1.79,93.90,1452
95,1056,0.00,50.00,2.53,96.66,133100
16,37,0.00,50.00,2.66,95.20,155
62,920,0.00,50.00,2.97,99.15,100946
66,1510,0.00,50.00,1.79,99.15,265828
75,2184,0.00,50.00,2.07,98.52,555539
100,2949,0.00,50.00,0.61,97.47,1023188
46,503,0.00,50.00,1.96,98.24,30920
12,58,0.00,50.00,4.97,87.65,315
69,844,0.00,50.00,1.65,98.24,87233
81,944,0.00,50.00,2.53,98.24,108176
67,2055,0.00,50.00,0.99,98.24,502408
68,1770,0.00,50.00,0.53,94.26,372229
39,72,0.00,50.00,7.37,78.65,507
71,890,0.00,50.00,0.60,96.17,97852
20,173,0.00,50.00,1.28,83.02,3164
43,144,0.00,50.00,4.95,87.62,2054
51,571,0.00,50.00,2.01,88.22,38221
19,163,0.00,50.00,1.28,82.12,2808
31,84,0.00,50.00,2.61,78.65,626
27,39,0.00,50.00,2.61,78.65,134
37,449,0.00,50.00,2.61,85.24,23609
53,1122,0.00,50.00,1.28,89.12,144080
89,1700,0.00,50.00,0.60,96.17,347154
100,2107,0.00,50.00,2.07,97.42,520665
77,261,0.00,50.00,9.34,95.21,7515
25,149,0.00,50.00,2.49,95.21,2323
71,2452,0.00,50.00,0.88,96.75,673889
19,162,0.00,50.00,3.51,94.03,3016
93,1831,0.00,50.00,1.53,95.50,396953
12,64,0.00,50.00,3.51,82.86,438
68,1652,0.00,50.00,1.53,95.50,336911
15,105,0.00,50.00,0.99,75.17,1165
37,53,0.00,50.00,6.66,78.10,214
29,344,0.00,50.00,0.99,95.54,12712
44,659,0.00,50.00,0.99,95.54,47189
83,2473,0.00,50.00,0.94,97.66,662227
58,313,0.00,50.00,1.19,88.74,10379
26,133,0.00,50.00,7.01,90.59,2014
60,1520,0.00,50.00,0.46,90.99,267196
43,879,0.00,50.00,1.44,90.99,89428
20,146,0.00,50.00,5.06,90.94,2518
48,1122,0.00,50.00,1.44,90.99,143655
71,2124,0.00,50.00,0.39,98.26,533976
85,1359,0.00,50.00,1.04,99.11,217736
91,2075,0.00,50.00,1.04,99.11,491174
76,1258,0.00,50.00,1.79,95.74,188731
36,536,0.00,50.00,1.60,92.73,33739
83,1336,0.00,50.00,1.79,97.43,207492
60,1240,0.00,50.00,1.45,95.63,179001
77,1127,0.00,50.00,0.57,98.55,149281
50,555,0.00,50.00,1.81,93.69,36028
74,1005,0.00,50.00,2.09,96.89,122882
13,50,0.00,50.00,4.77,88.56,221
65,492,0.00,50.00,2.49,96.89,29436
33,70,0.00,50.00,10.85,95.77,640
56,251,0.00,50.00,2.49,95.31,6983
37,618,0.00,50.00,2.14,95.77,44961
29,171,0.00,50.00,4.15,95.77,3540
12,50,0.00,50.00,4.77,88.56,207
11,22,0.00,50.00,11.49,81.99,46
50,799,0.00,50.00,2.79,95.77,79164
56,882,0.00,50.00,2.49,95.77,102168
89,876,0.00,50.00,1.50,94.61,86595
33,524,0.00,50.00,2.14,95.77,32793
39,142,0.00,50.00,6.39,93.48,2019
65,1906,0.00,50.00,2.49,95.71,408345
18,81,0.00,50.00,6.39,88.30,521
67,2145,0.00,50.00,1.37,96.31,520752
55,480,0.00,50.00,2.34,91.73,28294
55,525,0.00,50.00,1.84,92.05,33150
33,321,0.00,50.00,2.11,92.22,10908
78,2545,0.00,50.00,1.82,95.09,747954
78,2879,0.00,50.00,0.88,96.72,976661
100,4826,0.00,50.00,0.77,98.38,2636643
89,1331,0.00,50.00,0.76,97.73,211153
92,3416,0.00,50.00,0.47,99.27,1347903
99,3245,0.00,50.00,0.92,96.76,1220988
80,742,0.00,50.00,1.75,96.47,61869
96,2049,0.00,50.00,1.09,96.47,484380
62,1300,0.00,50.00,1.23,99.29,200540
28,175,0.00,50.00,3.46,84.31,2894
78,2233,0.00,50.00,1.23,99.29,586248
36,256,0.00,50.00,1.45,98.76,7852
82,1732,0.00,50.00,1.19,99.25,349184
10,30,0.00,50.00,6.05,82.24,95
58,1446,0.00,50.00,1.00,98.76,241755
94,4301,0.00,50.00,0.66,98.98,2135192
77,1319,0.00,50.00,1.35,97.40,200823
96,3575,0.00,50.00,0.63,97.46,1488780
60,878,0.00,50.00,3.72,92.29,91468
16,80,0.00,50.00,4.10,88.53,700
21,134,0.00,50.00,3.71,95.90,2064
32,392,0.00,50.00,1.02,94.13,17074
13,62,0.00,50.00,4.94,88.53,430
21,195,0.00,50.00,1.02,95.90,4066
10,17,0.00,50.00,4.94,75.55,27
48,76,0.00,50.00,3.10,85.57,508
69,1996,0.00,50.00,0.68,96.79,465162
33,441,0.00,50.00,1.02,95.90,21789
73,1407,0.00,50.00,0.98,93.20,227083
12,41,0.00,50.00,11.95,82.11,148
74,638,0.00,50.00,2.61,93.20,46322
92,4066,0.00,50.00,0.92,98.69,1875076
10,34,0.00,50.00,11.24,85.32,131
32,326,0.00,50.00,3.51,90.80,12627
19,82,0.00,50.00,3.73,83.91,759
65,1364,0.00,50.00,0.50,97.09,227877
12,48,0.00,50.00,11.24,85.32,235
88,2911,0.00,50.00,0.50,97.09,1011525
75,577,0.00,50.00,2.47,93.79,36364
60,1605,0.00,50.00,0.71,97.68,286630
39,674,0.00,50.00,1.72,94.69,51067
15,98,0.00,50.00,3.74,93.33,1011
89,3865,0.00,50.00,0.16,97.15,1754831
89,1763,0.00,50.00,0.55,95.88,358429
35,585,0.00,50.00,1.24,95.65,37785
88,1907,0.00,50.00,0.55,95.88,429061
54,159,0.00,50.00,3.99,88.10,2805
97,4384,0.00,50.00,0.51,98.00,2194495
89,1251,0.00,50.00,0.83,98.81,173184
79,1612,0.00,50.00,0.83,98.13,295001
51,811,0.00,50.00,0.78,95.17,76762
30,157,0.00,50.00,0.78,91.62,2280
27,195,0.00,50.00,0.78,91.62,3821
10,36,0.00,50.00,7.96,86.68,119
94,3364,0.00,50.00,0.78,98.31,1295343
57,1399,0.00,50.00,1.15,95.82,229308
93,2876,0.00,50.00,0.23,96.53,937699
40,654,0.00,50.00,1.88,93.70,47903
96,3154,0.00,50.00,0.60,95.29,1173981
19,120,0.00,50.00,4.71,86.27,1649
25,199,0.00,50.00,1.40,86.78,4678
54,85,0.00,50.00,4.71,92.24,770
44,941,0.00,50.00,1.14,89.86,99169
95,576,0.00,50.00,1.40,87.70,38599
47,451,0.00,50.00,1.40,93.67,23755
55,704,0.00,50.00,1.14,93.67,57785
72,187,0.00,50.00,2.00,97.56,4734
84,2679,0.00,50.00,0.58,97.56,847614
15,79,0.00,50.00,5.62,78.00,596
11,11,0.00,50.00,21.33,70.44,8
19,43,0.00,50.00,5.62,70.44,194
66,1491,0.00,50.00,1.41,95.17,237055
46,667,0.00,50.00,4.19,96.67,50479
71,915,0.00,50.00,4.19,96.67,94618
68,2273,0.00,50.00,0.66,97.10,580356
25,135,0.00,50.00,6.81,87.71,1872
77,341,0.00,50.00,3.41,95.04,13296
63,552,0.00,50.00,3.41,94.14,33768
96,3077,0.00,50.00,1.54,96.56,1106880
41,271,0.00,50.00,2.38,94.83,8458
83,2163,0.00,50.00,0.46,97.64,540829
17,117,0.00,50.00,3.38,91.54,1517
52,174,0.00,50.00,5.46,91.54,3448
80,1153,0.00,50.00,1.76,95.82,154440
50,327,0.00,50.00,2.91,94.76,14024
72,616,0.00,50.00,1.76,95.82,43723
76,1011,0.00,50.00,1.76,96.79,119455
49,879,0.00,50.00,1.58,95.82,94733
54,874,0.00,50.00,1.58,95.82,95243
27,45,0.00,50.00,3.06,95.29,153
42,691,0.00,50.00,1.11,95.29,53019
39,177,0.00,50.00,3.06,95.29,3474
94,914,0.00,50.00,1.08,97.46,95714
94,3705,0.00,50.00,1.01,98.48,1599199
51,752,0.00,50.00,1.40,96.78,63390
99,917,0.00,50.00,1.40,97.20,100415
85,918,0.00,50.00,1.40,96.99,99580
61,648,0.00,50.00,1.67,96.51,51014
84,2664,0.00,50.00,0.96,98.86,852691
51,738,0.00,50.00,2.24,96.53,61492
76,2729,0.00,50.00,0.61,97.09,865594
88,2661,0.00,50.00,1.30,98.61,786995
27,145,0.00,50.00,5.75,91.66,2241
93,3598,0.00,50.00,0.73,96.59,1495076
88,3244,0.00,50.00,0.28,98.31,1207365
12,60,0.00,50.00,9.26,93.03,392
53,115,0.00,50.00,4.42,93.49,1434
22,45,0.00,50.00,6.26,93.03,221
14,35,0.00,50.00,9.26,93.03,110
53,529,0.00,50.00,4.42,97.58,31990
67,619,0.00,50.00,1.16,97.58,45107
26,282,0.00,50.00,6.26,96.39,8904
69,1497,0.00,50.00,0.98,97.58,255676
26,107,0.00,50.00,5.96,90.45,1559
62,943,0.00,50.00,0.60,97.25,102393
25,26,0.00,50.00,10.66,80.71,82
42,337,0.00,50.00,2.49,91.29,13395
85,1561,0.00,50.00,0.60,98.65,288318
73,2431,0.00,50.00,0.61,96.77,687448
89,1958,0.00,50.00,0.91,94.83,453861
65,1424,0.00,50.00,0.64,96.16,231372
24,144,0.00,50.00,2.27,95.68,2394
33,130,0.00,50.00,4.59,93.72,1806
94,2450,0.00,50.00,0.49,96.16,675836
18,22,0.00,50.00,8.44,90.88,32
75,1539,0.00,50.00,1.70,94.41,279144
94,3031,0.00,50.00,1.17,95.55,1081802
91,3291,0.00,50.00,0.86,99.70,1295666
94,1956,0.00,50.00,1.93,96.11,442465
78,1782,0.00,50.00,0.89,97.86,355811
44,910,0.00,50.00,0.91,95.73,91628
23,141,0.00,50.00,4.50,83.80,2030
41,812,0.00,50.00,0.25,93.41,75795
73,1830,0.00,50.00,0.25,93.41,371876
81,656,0.00,50.00,1.60,97.92,50780
50,930,0.00,50.00,2.39,97.79,103231
64,1369,0.00,50.00,2.39,97.79,219316
95,4187,0.00,50.00,0.60,98.30,2014269
66,582,0.00,50.00,0.56,96.43,40723
30,251,0.00,50.00,0.56,96.43,7140
64,1703,0.00,50.00,0.31,97.47,348992
21,91,0.00,50.00,2.87,93.70,1059
45,975,0.00,50.00,0.56,98.33,107437
38,306,0.00,50.00,0.56,93.70,10750
29,298,0.00,50.00,0.56,97.41,10516
85,3448,0.00,50.00,0.56,98.33,1370963
55,801,0.00,50.00,0.55,86.66,80414
94,1173,0.00,50.00,0.47,92.33,168541
80,2592,0.00,50.00,0.05,98.07,806095
38,507,0.00,50.00,1.48,91.55,27669
85,2626,0.00,50.00,0.41,96.88,780689
50,273,0.00,50.00,0.58,92.80,8551
98,3845,0.00,50.00,0.26,97.61,1737154
48,969,0.00,50.00,1.61,95.37,114873
60,773,0.00,50.00,1.67,94.17,72881
84,2860,0.00,50.00,0.34,99.15,942908
20,62,0.00,50.00,6.54,95.87,363
80,2054,0.00,50.00,1.77,98.09,487866
19,141,0.00,50.00,3.29,95.11,2400
36,498,0.00,50.00,2.39,95.72,28350
97,502,0.00,50.00,2.35,95.72,30112
86,415,0.00,50.00,2.39,94.21,20510
19,78,0.00,50.00,5.61,92.54,586
74,1071,0.00,50.00,1.14,94.94,135872
51,140,0.00,50.00,6.63,91.85,2303
45,76,0.00,50.00,4.62,94.22,723
43,711,0.00,50.00,1.14,94.22,59650
54,1407,0.00,50.00,1.14,95.46,226283
40,59,0.00,50.00,3.07,91.85,371
88,799,0.00,50.00,1.14,92.54,74389
41,353,0.00,50.00,2.00,90.71,14129
91,2119,0.00,50.00,0.55,98.61,529416
37,445,0.00,50.00,1.47,91.29,21956
60,1329,0.00,50.00,1.47,98.84,198754
19,101,0.00,50.00,2.43,90.64,1173
19,75,0.00,50.00,2.43,90.64,666
82,463,0.00,50.00,1.19,92.37,23426
10,45,0.00,50.00,6.89,96.22,189
58,762,0.00,50.00,1.47,92.35,64355
84,455,0.00,50.00,1.47,91.29,22902
69,1749,0.00,50.00,1.47,98.84,347769
50,1144,0.00,50.00,2.54,96.06,153707
74,819,0.00,50.00,1.28,96.04,78170
44,899,0.00,50.00,0.75,96.70,89691
58,856,0.00,50.00,0.75,96.70,83979
56,117,0.00,50.00,1.60,86.65,1679
66,1351,0.00,50.00,0.75,98.14,208953
83,1700,0.00,50.00,0.75,98.14,343885
57,177,0.00,50.00,5.46,91.66,3415
57,1378,0.00,50.00,0.38,97.58,223786
57,448,0.00,50.00,5.12,95.87,23997
47,782,0.00,50.00,0.72,96.52,70519
79,402,0.00,50.00,4.92,93.77,18057
44,786,0.00,50.00,1.03,96.37,69482
78,1555,0.00,50.00,1.03,98.01,265047
36,546,0.00,50.00,1.03,93.41,32108
62,172,0.00,50.00,2.28,95.92,3450
27,345,0.00,50.00,4.45,91.53,13041
18,27,0.00,50.00,5.24,79.47,70
14,38,0.00,50.00,6.76,90.09,142
55,491,0.00,50.00,3.01,93.14,26900
99,4664,0.00,50.00,1.03,99.59,2516937
31,144,0.00,50.00,3.50,95.01,2173
95,3214,0.00,50.00,0.81,97.52,1166892
68,1695,0.00,50.00,0.85,99.15,331284
53,329,0.00,50.00,3.75,93.25,12774
91,2508,0.00,50.00,0.39,97.64,733094
63,1292,0.00,50.00,1.38,96.62,189760
27,115,0.00,50.00,2.35,96.62,1581
28,181,0.00,50.00,2.35,96.62,3572
100,4616,0.00,50.00,0.36,96.79,2464582
81,281,0.00,50.00,4.80,83.77,9483
50,879,0.00,50.00,2.08,92.73,90159
99,1213,0.00,50.00,1.60,93.63,162569
25,167,0.00,50.00,2.88,92.05,2766
10,37,0.00,50.00,4.41,85.28,120
78,231,0.00,50.00,2.98,96.59,5578
45,385,0.00,50.00,3.13,97.47,15904
58,1067,0.00,50.00,0.30,97.47,127989
90,195,0.00,50.00,1.60,90.67,3873
41,166,0.00,50.00,8.47,87.98,2932
79,935,0.00,50.00,1.24,97.47,97052