nodes,edges,inner radius,outer radius,minimum distance,maximum distance,crossings
50,1225,13.21,16.47,0.47,32.30,207817
50,1225,25.80,43.28,0.81,83.56,188014
50,1225,5.51,9.59,0.18,18.52,187389
50,1225,35.68,37.48,0.34,74.46,221300
50,1225,2.54,7.03,0.08,13.86,171178
50,1225,9.54,10.60,0.12,20.95,210814
50,1225,21.84,47.51,0.56,93.58,176642
50,1225,3.67,11.82,0.14,23.28,171371
50,1225,13.67,34.18,0.69,66.54,178671
50,1225,11.76,15.43,0.31,30.04,200862
50,1225,17.47,45.76,0.93,89.07,178713
50,1225,11.76,15.43,0.31,30.04,200862
50,1225,17.47,45.76,1.07,88.46,173051
50,1225,4.73,6.27,0.05,12.29,200114
50,1225,0.77,8.23,0.19,15.91,161064
50,1225,30.74,34.88,0.18,69.19,214408
50,1225,9.28,10.51,0.20,20.78,213215
50,1225,4.46,20.01,0.51,38.71,173301
50,1225,0.57,27.03,0.83,52.29,162568
50,1225,2.13,8.86,0.23,17.14,173182
50,1225,0.57,27.03,0.47,50.15,163430
50,1225,5.86,25.71,0.44,47.70,173412
50,1225,39.22,48.37,0.83,94.74,207769
50,1225,0.50,1.72,0.03,3.20,176139
50,1225,24.43,26.30,0.22,52.34,217957
50,1225,23.63,30.78,0.26,61.26,203833
50,1225,28.30,35.80,0.31,71.25,203512
50,1225,5.49,9.15,0.08,17.90,187345
50,1225,18.44,27.50,0.24,53.79,190615
50,1225,2.13,8.91,0.37,16.96,166382
50,1225,5.19,25.35,1.06,48.24,162008
50,1225,2.48,4.15,0.06,8.20,184812
50,1225,1.65,11.59,0.49,22.06,161889
50,1225,2.48,4.15,0.10,8.03,191364
50,1225,32.64,32.80,0.11,65.59,228793
50,1225,0.34,7.49,0.23,14.20,160355
50,1225,5.91,6.10,0.03,12.15,222870
50,1225,13.32,49.25,1.17,95.76,170146
50,1225,31.80,45.98,1.10,91.12,184675
50,1225,7.99,45.33,1.08,88.14,170218
50,1225,6.85,27.81,0.66,54.08,169945
50,1225,31.80,45.98,0.82,90.43,192694
50,1225,36.76,36.80,0.29,73.59,230575
50,1225,38.50,44.73,0.31,87.97,212243
50,1225,7.69,14.34,0.20,28.03,180359
50,1225,8.66,40.74,1.07,76.95,166625
50,1225,11.30,13.87,0.06,27.29,202897
50,1225,7.43,8.66,0.09,17.19,208908
50,1225,10.46,22.05,0.52,41.78,188081
50,1225,6.34,15.39,0.25,29.55,177043
50,1225,12.72,27.55,0.44,52.90,184251
50,1225,31.48,44.46,0.33,85.36,197130
50,1225,3.34,42.12,0.67,80.00,165679
50,1225,2.66,34.83,1.60,68.33,159880
50,1225,5.06,16.68,0.77,32.72,164646
50,1225,3.38,22.26,1.03,43.67,159814
50,1225,5.06,16.68,0.77,32.72,164646
50,1225,3.38,22.26,1.03,43.67,159814
50,1225,5.06,16.68,0.19,32.42,169353
50,1225,31.33,44.86,0.51,87.57,195837
50,1225,16.24,41.61,0.47,80.89,172833
50,1225,10.23,28.55,0.32,55.50,174052
50,1225,10.54,16.46,0.53,32.12,189982
50,1225,0.53,1.19,0.04,2.26,186473
50,1225,27.06,37.51,1.20,73.20,194332
50,1225,18.44,18.62,0.05,37.20,228859
50,1225,5.76,9.01,0.06,17.72,190441
50,1225,16.25,30.35,1.05,59.48,177445
50,1225,4.58,45.93,0.75,89.84,158115
50,1225,3.15,19.70,0.32,38.53,157975
50,1225,3.15,19.70,0.40,35.74,153490
50,1225,14.16,23.44,0.44,44.84,185594
50,1225,0.74,1.47,0.04,2.81,182643
50,1225,14.05,33.11,0.67,62.02,172748
50,1225,29.49,43.24,0.81,83.55,191669
50,1225,26.87,27.55,0.22,54.93,225504
50,1225,0.65,43.76,0.62,81.71,161633
50,1225,14.40,41.44,0.59,80.80,166014
50,1225,0.18,1.68,0.02,3.14,161504
50,1225,14.40,41.44,0.48,79.46,177526
50,1225,10.29,11.98,0.14,23.61,211944
50,1225,0.24,0.32,0.00,0.63,198575
50,1225,14.26,19.16,0.22,37.38,198114
50,1225,8.10,11.34,0.14,22.02,193889
50,1225,36.67,42.64,0.78,83.04,213255
50,1225,12.12,21.70,0.27,42.16,179887
50,1225,8.36,11.77,0.15,22.87,193887
50,1225,36.67,42.64,0.57,83.95,211796
50,1225,20.53,26.39,0.35,51.61,198757
50,1225,1.69,16.44,0.31,31.76,172239
50,1225,0.98,2.31,0.04,4.47,176568
50,1225,22.66,30.60,0.45,60.31,198561
50,1225,13.20,16.10,0.24,31.72,209228
50,1225,6.31,8.64,0.13,17.02,197676
50,1225,35.98,36.45,0.21,72.77,228569
50,1225,21.65,27.32,0.85,53.83,200216
50,1225,7.27,28.98,0.11,56.75,168897
50,1225,10.62,13.28,0.41,26.16,203737
50,1225,1.48,5.91,0.02,11.56,168754
50,1225,10.62,13.28,0.22,26.10,205560
50,1225,6.30,13.20,0.22,25.65,177534
50,1225,3.33,21.77,0.37,42.23,160351
50,1225,22.63,41.21,0.69,80.08,183020
50,1225,10.94,21.43,0.26,42.59,177029
50,1225,17.33,19.46,0.35,38.70,210572
50,1225,1.16,5.81,0.20,11.54,160965
50,1225,5.62,39.54,1.39,78.58,161202
50,1225,5.62,39.54,0.39,74.86,162410
50,1225,12.37,22.43,0.22,42.54,182821
50,1225,14.62,15.39,0.16,30.68,221252
50,1225,13.27,30.97,0.31,58.65,173438
50,1225,30.47,40.82,0.75,81.33,202755
50,1225,2.04,6.43,0.22,12.48,168209
50,1225,7.39,40.55,1.88,78.62,162498
50,1225,29.75,33.31,0.14,66.37,212944
50,1225,0.12,0.49,0.02,0.96,169414
50,1225,8.61,33.40,1.16,66.09,169664
50,1225,8.61,33.40,1.16,66.09,169664
50,1225,8.61,33.40,1.16,66.09,169664
50,1225,8.61,33.40,1.16,66.09,169664
50,1225,8.61,33.40,1.56,65.65,163479
50,1225,34.70,34.77,0.03,69.52,230128
50,1225,3.80,27.45,1.28,53.94,158056
50,1225,0.18,1.11,0.05,2.19,158131
50,1225,0.18,1.11,0.02,2.14,163524
50,1225,6.38,9.08,0.14,17.81,193042
50,1225,9.28,25.33,0.38,48.70,170779
50,1225,28.24,42.54,0.64,83.48,189453
50,1225,20.41,25.74,0.41,50.73,203145
50,1225,4.25,4.61,0.03,9.15,217320
50,1225,2.16,42.58,0.67,83.26,159661
50,1225,29.23,30.20,0.22,59.99,224709
50,1225,3.08,14.41,0.15,27.83,172520
50,1225,17.54,28.80,0.29,55.85,190846
50,1225,2.85,38.47,0.39,74.32,170679
50,1225,5.91,30.27,0.31,58.48,172633
50,1225,17.54,28.80,0.55,56.56,188981
50,1225,23.66,25.01,0.37,49.83,224596
50,1225,31.93,38.76,0.87,77.10,209716
50,1225,0.19,0.92,0.02,1.73,167443
50,1225,15.81,23.58,1.02,46.13,195731
50,1225,13.45,25.35,1.12,49.60,182039
50,1225,29.33,47.31,2.09,92.54,190625
50,1225,6.68,39.58,2.08,76.40,173358
50,1225,16.54,32.57,1.24,63.23,184409
50,1225,2.07,45.80,0.86,88.90,167774
50,1225,24.76,45.09,1.72,87.53,187754
50,1225,21.62,40.67,1.55,78.94,185050
50,1225,17.15,25.34,0.41,49.73,187512
50,1225,11.57,16.50,0.27,32.38,193062
50,1225,20.11,26.20,0.42,52.28,200488
50,1225,28.32,37.14,0.60,74.09,198829
50,1225,15.14,16.12,0.13,31.94,222064
50,1225,20.44,43.92,0.50,85.08,176372
50,1225,0.02,0.03,0.00,0.05,187803
50,1225,7.39,14.60,0.17,28.28,177990
50,1225,5.37,6.11,0.10,12.15,207625
50,1225,11.79,13.34,0.23,26.54,212600
50,1225,6.66,30.42,1.16,57.51,174073
50,1225,3.47,14.56,0.55,27.53,173968
50,1225,3.47,14.56,0.60,27.57,168609
50,1225,0.07,0.13,0.00,0.24,186722
50,1225,0.42,8.18,0.34,15.50,162559
50,1225,1.08,2.09,0.02,3.95,182535
50,1225,8.35,15.92,0.18,30.16,183404
50,1225,6.76,9.56,0.13,18.74,191526
50,1225,7.92,17.66,0.31,33.30,179019
50,1225,2.48,29.10,0.51,54.86,167977
50,1225,14.25,23.60,0.42,46.26,185134
50,1225,7.53,10.76,0.16,21.10,189315
50,1225,11.89,39.97,0.12,78.35,164215
50,1225,36.97,43.51,0.73,85.30,206971
50,1225,6.00,12.39,0.04,24.29,173005
50,1225,8.71,37.07,0.56,70.73,165369
50,1225,28.29,39.53,0.65,76.33,194287
50,1225,0.59,33.67,0.51,64.24,160954
50,1225,13.50,31.47,0.48,60.05,175010
50,1225,22.37,28.72,0.30,56.73,204498
50,1225,6.13,13.08,0.06,25.52,178520
50,1225,1.91,21.84,0.10,42.61,170346
50,1225,14.41,38.84,0.18,75.77,177294
50,1225,4.20,25.56,0.56,50.06,165543
50,1225,24.11,48.19,1.06,95.33,177829
50,1225,18.77,23.33,0.12,46.47,201364
50,1225,5.82,39.24,0.87,76.86,165623
50,1225,24.11,48.19,0.67,95.18,181677
50,1225,3.24,24.29,0.59,47.57,160234
50,1225,9.41,30.08,1.00,59.10,167011
50,1225,4.18,4.54,0.01,9.01,216440
50,1225,10.78,22.08,0.39,42.55,181338
50,1225,30.80,37.60,0.66,73.69,209128
50,1225,0.38,10.76,0.18,20.72,160388
50,1225,36.55,40.10,0.70,79.05,218015
50,1225,10.82,39.43,0.66,75.98,165129
50,1225,42.00,48.94,0.55,96.77,203472
50,1225,8.81,9.82,0.13,19.53,213832
50,1225,38.67,47.20,0.53,93.32,200682
50,1225,9.03,21.24,0.26,40.11,170609
50,1225,6.62,27.86,0.68,53.87,159120
50,1225,12.37,43.01,1.05,83.16,159256
50,1225,12.37,43.01,1.05,83.16,159256
50,1225,12.37,43.01,1.05,83.16,159256
50,1225,12.37,43.01,0.37,81.15,165217
50,1225,0.83,31.31,0.27,59.07,163843
50,1225,4.54,24.83,0.21,46.84,165092
50,1225,0.83,31.31,0.27,59.07,163843
50,1225,4.54,24.83,0.54,47.62,165996
50,1225,7.91,23.39,0.51,44.86,171958
50,1225,5.87,23.14,0.51,44.40,165556
50,1225,31.24,41.52,1.26,81.42,200130
50,1225,8.66,9.96,0.11,19.78,206546
50,1225,33.95,49.04,0.82,95.54,192627
50,1225,14.38,24.36,0.41,47.46,181914
50,1225,12.50,14.62,0.16,29.03,205234
50,1225,1.53,3.27,0.05,6.11,175778
50,1225,1.69,13.97,0.20,26.07,168670
50,1225,22.47,39.60,0.65,75.14,178975
50,1225,19.37,23.10,0.27,45.89,207712
50,1225,28.75,49.28,0.84,94.50,189197
50,1225,13.26,15.62,0.24,31.02,209911
50,1225,2.71,4.42,0.11,8.48,191888
50,1225,26.62,28.30,0.09,56.35,223619
50,1225,5.62,9.52,0.16,18.25,188849
50,1225,13.26,15.62,0.24,31.02,208523
50,1225,9.31,36.25,0.51,72.00,172361
50,1225,18.86,32.84,0.47,65.23,181563
50,1225,0.67,17.52,0.25,34.80,167057
50,1225,14.10,38.43,1.53,75.23,173460
50,1225,0.55,1.53,0.06,3.00,171924
50,1225,6.33,13.70,0.55,26.82,175013
50,1225,7.27,16.87,0.67,33.03,173252
50,1225,0.55,1.53,0.04,2.98,173847
50,1225,38.54,45.14,0.55,89.57,208903
50,1225,8.78,32.82,0.57,62.12,166435
50,1225,8.07,13.16,0.35,25.67,187827
50,1225,14.01,21.42,0.30,41.24,188815
50,1225,42.13,45.88,0.64,91.34,214847
50,1225,1.51,9.83,0.30,18.51,167609
50,1225,22.55,34.71,0.49,66.82,188969
50,1225,42.13,45.88,0.27,90.90,215005
50,1225,25.73,29.04,0.17,57.47,212830
50,1225,1.14,5.16,0.10,10.18,161756
50,1225,9.06,46.66,0.92,92.12,160167
50,1225,19.45,41.67,0.40,80.46,182209
50,1225,2.95,4.48,0.03,8.86,200032
50,1225,2.58,28.26,0.27,54.57,173115
50,1225,10.62,41.11,0.40,79.37,178457
50,1225,17.55,43.92,0.42,84.80,182094
50,1225,0.11,6.63,0.13,13.06,163787
50,1225,4.44,38.08,0.77,75.02,166420
50,1225,0.71,2.12,0.04,4.17,166325
50,1225,0.71,2.12,0.04,4.17,166325
50,1225,0.71,2.12,0.04,4.19,162409
50,1225,6.09,34.78,0.92,68.79,159225
50,1225,13.27,16.35,0.36,32.44,201563
50,1225,33.28,38.47,0.98,76.34,210931
50,1225,24.34,24.63,0.11,49.16,228467
50,1225,25.60,27.93,0.21,55.35,217226
50,1225,4.20,16.99,0.48,32.85,158355
50,1225,2.56,12.42,0.35,24.01,156949
50,1225,47.27,48.03,0.27,96.01,228209
50,1225,28.27,41.94,0.08,81.30,190781
50,1225,46.74,49.28,0.47,97.81,221128
50,1225,0.81,31.25,1.49,59.53,162479
50,1225,26.45,42.80,0.72,83.97,187208
50,1225,7.09,8.09,0.12,15.88,216031
50,1225,24.44,37.84,0.64,74.30,190124
50,1225,5.20,14.53,0.59,28.51,172099
50,1225,6.96,20.60,0.26,38.99,171532
50,1225,17.39,37.70,0.47,71.36,176572
50,1225,5.31,5.76,0.11,11.39,218555
50,1225,4.07,6.93,0.09,13.40,181824
50,1225,8.80,11.34,0.14,22.14,198821
50,1225,7.75,16.05,0.38,31.29,179419
50,1225,1.12,17.57,0.42,34.24,158250
50,1225,1.32,7.04,0.17,13.72,166443
50,1225,7.71,12.38,0.24,24.12,189067
50,1225,20.52,46.02,1.18,86.65,173934
50,1225,20.64,46.68,1.20,87.89,173937
50,1225,20.64,46.68,1.20,87.89,173937
50,1225,20.64,46.68,1.20,87.89,173937
50,1225,20.64,46.68,0.83,92.11,184670
50,1225,23.02,23.68,0.10,47.26,226746
50,1225,7.74,14.86,0.26,29.33,188423
50,1225,0.66,2.30,0.04,4.54,175221
50,1225,1.24,4.61,0.17,9.09,171908
50,1225,20.94,28.48,1.04,56.54,197270
50,1225,43.10,48.71,0.68,96.72,216138
50,1225,28.74,40.38,1.47,80.17,196242
50,1225,33.78,41.06,0.34,81.11,206171
50,1225,0.30,1.28,0.01,2.49,160897
50,1225,10.74,25.28,0.27,49.28,179395
50,1225,11.96,21.07,0.22,41.07,189323
50,1225,28.62,34.19,0.08,67.72,205739
50,1225,1.75,2.91,0.06,5.69,185002
50,1225,0.37,46.34,1.99,90.80,169207
50,1225,0.11,35.37,1.52,69.30,169113
50,1225,0.11,35.37,1.10,67.35,160221
50,1225,5.32,22.19,0.60,42.26,163706
50,1225,17.71,33.89,0.54,65.86,180250
50,1225,3.03,4.29,0.06,8.43,194264
50,1225,20.55,36.03,0.58,70.02,186811
50,1225,0.86,20.51,0.66,39.49,168329
50,1225,15.56,30.60,0.26,58.90,179832
50,1225,23.65,27.62,0.47,54.78,209103
50,1225,3.86,7.78,0.07,14.97,179595
50,1225,23.65,27.62,0.71,55.04,210278
50,1225,10.49,26.62,0.82,53.04,172676
50,1225,2.15,2.70,0.07,5.37,202789
50,1225,10.93,21.00,0.65,41.85,185750
50,1225,1.34,3.87,0.03,7.66,170052
50,1225,40.93,41.26,0.09,82.49,228619
50,1225,10.05,11.41,0.12,22.70,211320
50,1225,6.84,12.39,0.08,24.52,180735
50,1225,11.85,11.88,0.03,23.74,229921
50,1225,1.53,2.42,0.01,4.58,190221
50,1225,32.63,47.95,0.16,93.51,192634
50,1225,21.72,42.30,1.45,79.22,182769
50,1225,34.63,39.09,0.52,77.24,213455
50,1225,2.61,5.34,0.10,10.55,181285
50,1225,8.95,9.69,0.13,19.28,219060
50,1225,15.86,24.43,0.45,48.28,191591
50,1225,17.23,24.88,0.40,48.33,195820
50,1225,15.77,38.30,0.89,74.41,177613
50,1225,7.16,10.53,0.17,20.46,194316
50,1225,0.05,0.90,0.01,1.74,161265
50,1225,15.75,46.47,0.30,89.48,169738
50,1225,23.19,30.31,0.36,59.66,200796
50,1225,0.19,10.72,0.13,20.35,156045
50,1225,0.90,36.15,0.43,68.63,156185
50,1225,0.90,36.15,0.43,68.63,156185
50,1225,0.90,36.15,0.21,66.92,166081
50,1225,13.41,19.42,0.11,38.64,191713
50,1225,5.75,7.16,0.09,14.24,209617
50,1225,31.45,34.92,0.17,69.49,215073
50,1225,9.34,20.86,0.47,41.17,173127
50,1225,22.12,26.33,0.14,51.97,208764
50,1225,10.25,26.20,0.60,51.71,169483
50,1225,0.70,37.21,0.85,73.43,159602
50,1225,6.10,9.46,0.22,18.46,191333
50,1225,2.99,11.30,0.26,21.57,169553
50,1225,26.27,30.76,0.69,60.01,211114
50,1225,16.13,22.54,1.06,43.97,197029
50,1225,16.65,19.17,0.08,37.99,212487
50,1225,29.02,34.12,0.14,67.60,212648
50,1225,32.16,33.73,0.08,67.36,220914
50,1225,9.22,13.49,0.42,25.95,192487
50,1225,12.23,25.26,0.28,45.70,179567
50,1225,14.62,35.58,0.47,68.61,177566
50,1225,3.43,4.71,0.06,9.16,190927
50,1225,6.20,7.13,0.10,14.06,208667
50,1225,29.20,44.95,0.59,87.42,188226
50,1225,18.50,33.93,0.34,65.91,180441
50,1225,28.05,34.99,0.65,68.84,206074
50,1225,7.05,7.33,0.06,14.60,223898
50,1225,23.97,24.62,0.20,48.99,225145
50,1225,3.37,30.18,0.36,55.82,163192
50,1225,30.35,31.39,0.06,62.47,223412
50,1225,4.86,18.94,0.23,36.74,169639
50,1225,3.08,16.67,0.20,31.86,164080
50,1225,27.37,30.70,0.08,61.04,212239
50,1225,10.52,33.98,1.97,66.66,169803
50,1225,20.01,24.05,0.46,47.83,206338
50,1225,34.48,39.96,0.57,79.45,209958
50,1225,13.00,26.50,0.40,51.13,178640
50,1225,18.77,25.81,0.39,50.68,193489
50,1225,13.51,25.99,0.39,50.13,179080
50,1225,1.79,15.13,0.43,29.07,156959
50,1225,4.32,22.38,0.77,42.77,160157
50,1225,22.23,40.87,1.40,78.11,179732
50,1225,14.03,15.04,0.23,29.88,218245
50,1225,10.54,11.94,0.10,23.71,211685
50,1225,15.73,27.35,0.33,52.41,186221
50,1225,1.16,7.60,0.09,14.57,166581
50,1225,10.80,34.91,0.42,66.90,168982
50,1225,23.35,23.51,0.22,47.00,229582
50,1225,28.18,49.64,0.84,97.94,184343
50,1225,26.84,30.74,0.44,60.80,206201
50,1225,2.91,11.33,0.14,22.36,167008
50,1225,6.20,35.02,0.44,69.11,167037
50,1225,6.45,16.47,0.52,31.37,173589
50,1225,15.90,41.52,1.31,79.06,172429
50,1225,0.00,0.33,0.01,0.63,157492
50,1225,15.28,25.89,0.56,51.02,187756
50,1225,20.88,30.22,0.66,59.55,192641
50,1225,1.16,22.77,0.76,42.71,154983
50,1225,10.31,11.49,0.26,22.77,216396
50,1225,1.37,15.27,0.51,28.64,154952
50,1225,10.31,11.49,0.26,22.77,216396
50,1225,1.37,15.27,0.16,28.81,167031
50,1225,20.87,33.31,0.49,63.25,192310
50,1225,2.31,49.82,0.51,93.98,167259
50,1225,20.87,33.31,0.49,63.25,192310
50,1225,2.31,49.82,1.31,95.56,164147
50,1225,9.27,21.18,0.84,40.63,178760
50,1225,19.45,47.94,1.89,91.97,178890
50,1225,19.45,47.94,1.89,91.97,178890
50,1225,19.45,47.94,0.60,93.37,168630
50,1225,0.49,3.04,0.05,5.91,155494
50,1225,1.31,28.05,0.47,54.63,155602
50,1225,1.31,28.05,0.47,54.63,155602
50,1225,1.31,28.05,0.83,55.05,165764
50,1225,3.72,31.83,0.94,62.46,165812
50,1225,3.72,31.83,0.94,62.46,165812
50,1225,3.72,31.83,0.94,62.46,165812
50,1225,3.72,31.83,0.13,62.19,156831
50,1225,12.36,14.44,0.02,28.58,210082
50,1225,8.45,19.49,0.58,38.14,171631
50,1225,0.20,1.80,0.01,3.49,155605
50,1225,0.37,1.31,0.05,2.40,166641
50,1225,34.59,38.36,0.20,76.10,214523
50,1225,13.71,18.04,0.15,35.08,196180
50,1225,16.02,44.77,1.58,82.77,171432
50,1225,14.54,26.47,0.18,51.56,179506
50,1225,9.86,14.07,0.10,27.40,195662
50,1225,23.46,28.66,0.20,56.65,206101
50,1225,20.26,22.04,0.08,43.58,218411
50,1225,0.48,0.77,0.01,1.50,185671
50,1225,6.48,34.44,0.69,66.91,159257
50,1225,8.23,38.24,0.77,74.29,159825
50,1225,3.55,11.34,0.23,22.04,165187
50,1225,0.10,0.23,0.00,0.45,172819
50,1225,5.77,15.50,0.52,30.15,183472
50,1225,23.68,40.65,1.36,79.09,187563
50,1225,10.59,48.31,1.62,93.97,180882
50,1225,7.23,37.02,1.24,72.01,180843
50,1225,7.23,37.02,0.63,71.39,169746
50,1225,9.73,17.41,0.30,33.96,184673
50,1225,12.81,25.00,0.43,48.22,183829
50,1225,6.33,44.49,0.76,85.82,167731
50,1225,24.09,42.92,0.49,83.93,187133
50,1225,4.29,21.72,0.61,41.52,165796
50,1225,6.85,29.62,0.83,56.61,167960
50,1225,7.93,9.96,0.23,19.85,198611
50,1225,1.16,2.18,0.04,4.29,178694
50,1225,12.83,25.05,0.41,49.31,178840
50,1225,12.83,25.05,0.41,49.31,178840
50,1225,12.83,25.05,0.41,49.31,178840
50,1225,12.83,25.05,0.41,49.31,178840
50,1225,12.83,25.05,0.65,46.27,179739
50,1225,12.53,15.14,0.20,29.34,203051
50,1225,1.27,3.30,0.09,6.09,172839
50,1225,3.84,45.17,0.83,83.42,162340
50,1225,6.70,11.43,0.34,22.45,187254
50,1225,1.69,6.26,0.18,12.30,164410
50,1225,0.47,1.54,0.05,3.03,166892
50,1225,11.72,13.85,0.08,27.49,205353
50,1225,11.60,27.85,0.48,54.19,171248
50,1225,0.65,0.85,0.01,1.67,201048
50,1225,20.83,46.96,0.81,91.36,174924
50,1225,0.10,0.22,0.00,0.43,176677
50,1225,10.30,24.40,0.50,45.87,172156
50,1225,1.64,3.94,0.08,7.40,172086
50,1225,1.64,3.94,0.08,7.40,172086
50,1225,1.64,3.94,0.08,7.40,172086
50,1225,1.64,3.94,0.06,7.66,165163
50,1225,7.81,14.54,0.53,28.31,188530
50,1225,3.16,24.83,0.04,48.37,161214
50,1225,21.12,30.68,1.11,59.75,196529
50,1225,4.68,6.44,0.13,12.72,194836
50,1225,2.97,29.09,0.81,54.93,160543
50,1225,11.33,16.00,0.33,31.60,192206
50,1225,40.26,42.91,0.55,85.46,218596
50,1225,8.11,18.41,0.51,35.20,179971
50,1225,6.03,10.84,0.16,21.47,182565
50,1225,16.54,40.18,0.88,78.37,173700
50,1225,12.28,47.07,1.03,91.81,167797
50,1225,2.13,3.64,0.06,7.21,186970
50,1225,1.44,3.81,0.12,7.17,181231
50,1225,2.72,16.42,0.51,30.91,176334
50,1225,14.51,46.40,1.43,87.35,179200
50,1225,14.48,27.16,0.84,51.69,190725
50,1225,33.01,47.96,1.09,93.19,195336
50,1225,22.27,23.07,0.23,45.97,220804
50,1225,31.57,37.20,0.77,73.18,210667
50,1225,0.95,44.24,0.89,85.78,160897
50,1225,3.22,5.50,0.15,10.76,184460
50,1225,10.92,31.39,0.89,61.37,167002
50,1225,4.68,13.05,0.37,25.51,166913
50,1225,4.68,13.05,0.37,25.51,166913
50,1225,4.68,13.05,0.37,25.51,166913
50,1225,4.68,13.05,0.27,24.26,173341
50,1225,30.08,39.40,0.82,75.81,199961
50,1225,12.46,25.72,0.54,49.49,184462
50,1225,0.16,0.19,0.00,0.38,207519
50,1225,14.35,27.22,0.47,53.77,179945
50,1225,1.80,33.38,1.06,65.94,165538
50,1225,2.07,3.99,0.07,7.88,179941
50,1225,7.28,18.39,0.32,36.32,174534
50,1225,20.37,32.68,0.25,62.83,186443
50,1225,14.37,15.82,0.14,31.50,214909
50,1225,0.96,1.23,0.01,2.44,196817
50,1225,37.61,46.71,0.40,92.61,204389
50,1225,8.43,16.01,0.49,31.25,181965
50,1225,2.04,31.79,1.45,62.05,164133
50,1225,4.15,15.35,0.47,29.95,170351
50,1225,5.84,9.12,0.27,17.80,191192
50,1225,2.84,16.82,0.52,32.82,170105
50,1225,0.20,0.24,0.00,0.47,208496
50,1225,35.91,39.70,0.79,78.93,216787
50,1225,9.32,9.63,0.09,19.17,224489
50,1225,19.64,35.81,1.30,68.56,184186
50,1225,6.09,19.51,0.47,37.67,170997
50,1225,0.45,1.02,0.02,2.00,174461
50,1225,39.00,49.19,0.56,97.00,203003
50,1225,25.32,39.81,2.28,78.07,193222
50,1225,3.79,5.00,0.13,9.78,201518
50,1225,19.83,40.46,1.04,77.35,177097
50,1225,6.75,12.10,0.31,23.14,181978
50,1225,9.77,23.47,0.36,44.86,168717
50,1225,1.64,10.62,0.18,20.49,155953
50,1225,32.70,44.34,1.45,86.55,202436
50,1225,10.69,13.07,0.43,25.51,207503
50,1225,20.42,31.44,1.03,61.37,192826
50,1225,33.42,48.77,1.60,95.21,196814
50,1225,0.08,1.79,0.09,3.50,161766
50,1225,28.02,32.53,0.05,64.28,211583
50,1225,5.53,47.73,2.33,93.51,161835
50,1225,28.02,32.53,0.05,64.28,211583
50,1225,5.53,47.73,0.94,91.64,158053
50,1225,0.16,4.01,0.08,7.69,157785
50,1225,0.16,4.01,0.08,7.69,157785
50,1225,0.16,4.01,0.08,7.69,157785
50,1225,0.16,4.01,0.10,7.76,160099
50,1225,17.66,31.79,0.78,61.62,185401
50,1225,22.49,49.91,1.22,96.75,177131
50,1225,8.33,10.97,0.22,21.60,193861
50,1225,9.11,34.22,0.74,64.32,166831
50,1225,23.40,37.85,1.33,74.07,188258
50,1225,1.70,9.70,0.21,18.24,158688
50,1225,1.65,17.54,0.38,32.97,158737
50,1225,1.65,17.54,0.64,34.74,161565
50,1225,5.02,5.69,0.01,11.33,204616
50,1225,4.21,11.56,0.42,22.90,167282
50,1225,33.85,47.55,0.49,94.45,200000
50,1225,6.44,36.44,0.44,70.43,169135
50,1225,26.45,39.89,0.48,77.10,193977
50,1225,46.98,48.11,0.22,95.90,225698
50,1225,35.78,39.23,0.22,77.66,212294
50,1225,2.54,3.68,0.10,7.25,193575
50,1225,19.38,43.85,1.35,84.75,178433
50,1225,0.03,21.88,0.67,40.54,160768
50,1225,21.17,25.91,0.02,51.45,203145
50,1225,0.46,5.37,0.16,9.96,160719
50,1225,21.17,25.91,0.90,50.97,207210
50,1225,1.17,2.90,0.06,5.66,175025
50,1225,27.23,41.04,0.78,80.09,190000
50,1225,1.77,36.12,0.80,70.48,169554
50,1225,5.24,22.00,0.57,42.73,167921
50,1225,1.46,35.10,0.90,68.17,162411
50,1225,24.03,27.55,0.14,54.34,211718
50,1225,20.60,27.90,0.14,55.04,202549
50,1225,5.29,33.58,1.06,64.57,165073
50,1225,4.20,6.39,0.05,12.29,189488
50,1225,11.37,35.99,1.13,69.20,171543
50,1225,28.12,30.15,0.18,59.96,217572
50,1225,7.03,10.07,0.20,19.43,191459
50,1225,0.55,4.39,0.14,8.47,165243
50,1225,13.65,33.46,1.09,64.58,168680
50,1225,7.70,9.34,0.18,18.47,208256
50,1225,34.34,36.13,0.27,72.12,219655
50,1225,3.31,4.52,0.16,8.91,192159
50,1225,6.35,7.96,0.11,15.70,199436
50,1225,4.61,33.81,1.54,66.65,164891
50,1225,12.57,43.65,0.56,85.62,170279
50,1225,31.57,44.43,0.57,87.15,195771
50,1225,1.83,2.20,0.04,4.37,207729
50,1225,2.30,5.20,0.07,10.20,172752
50,1225,20.74,28.15,0.36,55.23,199626
50,1225,2.81,3.55,0.10,7.03,203714
50,1225,7.13,11.22,0.31,22.21,187890
50,1225,30.92,35.01,0.14,69.31,214817
50,1225,0.39,0.88,0.02,1.74,179919
50,1225,20.04,42.39,0.82,82.76,176315
50,1225,2.75,8.29,0.16,16.18,171522
50,1225,0.11,20.54,0.40,40.10,160111
50,1225,0.07,2.19,0.04,4.28,159951
50,1225,0.07,2.19,0.06,4.29,171194
50,1225,26.26,45.98,1.19,89.85,189693
50,1225,4.75,10.18,0.26,19.89,183306
50,1225,5.45,24.77,0.64,48.40,175851
50,1225,0.13,0.62,0.02,1.18,169231
50,1225,13.97,15.44,0.06,30.53,216665
50,1225,1.46,12.30,0.43,23.65,162297
50,1225,14.33,37.31,1.31,71.76,174601
50,1225,38.97,39.54,0.30,78.89,228178
50,1225,3.34,19.52,0.39,37.80,165525
50,1225,7.29,23.49,0.47,45.50,169579
50,1225,35.91,47.91,1.20,93.94,200580
50,1225,10.97,15.45,0.03,30.01,199016
50,1225,0.10,0.15,0.00,0.29,198564
50,1225,0.10,0.15,0.00,0.29,198564
50,1225,0.10,0.15,0.00,0.29,198564
50,1225,0.10,0.15,0.00,0.29,192378
50,1225,11.31,47.59,1.24,93.77,167253
50,1225,19.70,40.19,1.04,79.19,177537
50,1225,26.04,41.65,0.29,82.07,180266
50,1225,36.16,36.32,0.03,72.57,229460
50,1225,10.31,30.48,0.28,59.41,171447
50,1225,0.63,6.38,0.06,12.43,163834
50,1225,16.42,27.65,0.26,54.26,189115
50,1225,1.56,14.26,0.13,27.80,163878
50,1225,16.42,27.65,0.88,53.57,186113
50,1225,5.78,20.63,0.61,39.97,166182
50,1225,13.63,32.42,0.96,62.82,169548
50,1225,0.59,1.30,0.04,2.51,169129
50,1225,6.78,12.00,0.14,23.81,183817
50,1225,2.44,15.74,0.19,30.88,163003
50,1225,5.85,46.94,0.56,92.08,161613
50,1225,0.46,3.80,0.05,7.46,161300
50,1225,0.46,3.80,0.03,7.31,164707
50,1225,11.79,21.36,0.11,41.17,190845
50,1225,32.57,35.95,0.29,71.14,217473
50,1225,2.80,6.59,0.05,12.71,178337
50,1225,3.23,23.44,0.19,45.09,164823
50,1225,11.79,21.36,0.20,40.81,181378
50,1225,12.12,13.38,0.23,26.46,217364
50,1225,11.36,14.51,0.14,28.69,205529
50,1225,11.40,25.04,0.24,47.84,178044
50,1225,7.75,47.11,2.38,91.59,164855
50,1225,16.61,41.45,1.34,80.57,175846
50,1225,0.01,0.03,0.00,0.06,179906
50,1225,3.57,37.20,1.88,72.31,164731
50,1225,16.61,41.45,1.12,82.12,169670
50,1225,29.20,36.76,1.00,73.23,199102
50,1225,21.40,38.33,0.98,75.94,178573
50,1225,14.45,25.78,0.66,51.09,178476
50,1225,0.61,1.60,0.04,3.15,175834
50,1225,4.26,16.98,0.41,33.41,172467
50,1225,41.17,47.54,0.71,94.49,213904
50,1225,7.75,49.29,1.18,96.97,170438
50,1225,0.46,0.52,0.00,1.03,212014
50,1225,1.93,3.42,0.03,6.54,182513
50,1225,6.87,13.88,0.10,26.52,175596
50,1225,11.36,48.11,0.61,91.64,163943
50,1225,40.01,45.24,0.82,89.03,209926
50,1225,9.41,17.62,0.82,34.41,182740
50,1225,5.98,6.56,0.02,12.91,216392
50,1225,14.92,34.66,0.53,67.70,174525
50,1225,15.08,31.19,0.24,61.49,177904
50,1225,7.61,30.72,0.96,57.74,162742
50,1225,16.47,40.16,0.31,79.17,174920
50,1225,4.83,5.11,0.04,10.20,220618
50,1225,16.43,34.09,0.27,67.21,177915
50,1225,7.61,30.72,1.05,58.51,171165
50,1225,16.25,35.91,1.22,68.91,184174
50,1225,1.95,22.35,0.76,42.57,166824
50,1225,31.85,48.96,1.67,93.96,191242
50,1225,22.65,26.86,0.10,52.94,206238
50,1225,2.85,28.51,0.50,54.72,162851
50,1225,6.90,27.09,0.46,52.01,170219
50,1225,10.43,43.23,0.73,82.98,170374
50,1225,10.43,43.23,1.16,84.17,155014
50,1225,32.48,47.45,1.14,93.49,190194
50,1225,2.47,3.51,0.07,6.93,189932
50,1225,20.31,26.63,0.52,52.47,195966
50,1225,28.27,41.89,1.18,80.74,197347
50,1225,18.86,36.63,1.03,70.61,181780
50,1225,31.38,31.88,0.10,63.66,228540
50,1225,35.80,36.84,0.45,73.57,225454
50,1225,25.22,29.55,0.13,58.12,211742
50,1225,7.43,17.69,0.28,34.32,181211
50,1225,5.31,10.03,0.16,19.46,184942
50,1225,6.22,15.99,0.26,31.01,176894
50,1225,3.25,4.78,0.09,9.35,191581
50,1225,1.83,18.55,0.65,35.97,167912
50,1225,31.14,40.16,1.38,79.31,205728
50,1225,1.34,9.95,0.35,19.29,167828
50,1225,31.14,40.16,1.38,79.31,205728
50,1225,1.34,9.95,0.19,19.40,170833
50,1225,12.48,28.67,0.54,56.63,178031
50,1225,37.74,45.47,0.85,89.82,208300
50,1225,13.92,20.74,0.39,40.97,193533
50,1225,10.08,27.27,0.95,51.86,174766
50,1225,10.19,14.47,0.39,27.65,197687
50,1225,6.28,27.83,0.97,52.92,173471
50,1225,38.26,39.26,0.49,78.42,224587
50,1225,16.87,25.75,0.34,49.48,182804
50,1225,2.76,4.76,0.06,9.15,179707
50,1225,28.33,36.62,0.74,71.23,202312
50,1225,42.61,46.40,0.45,91.45,215477
50,1225,19.94,28.91,0.24,57.25,193684
50,1225,6.62,18.41,0.15,35.78,170830
50,1225,28.18,41.81,0.34,82.80,192273
50,1225,2.26,2.34,0.01,4.65,224923
50,1225,30.65,45.92,1.87,90.69,191556
50,1225,2.08,37.00,1.79,70.11,158712
50,1225,2.19,5.82,0.29,11.17,174163
50,1225,1.07,7.54,0.37,14.28,160875
50,1225,25.48,37.33,0.33,72.10,193126
50,1225,32.70,43.67,0.39,84.89,196832
50,1225,37.26,46.58,0.42,91.04,205923
50,1225,14.58,35.54,0.32,67.27,171881
50,1225,30.48,34.61,0.14,68.46,209761
50,1225,1.00,23.24,1.00,44.33,153908
50,1225,6.71,19.30,1.21,36.81,165065
50,1225,0.31,0.42,0.01,0.82,200111
50,1225,21.58,29.39,0.87,57.23,200188
50,1225,21.58,29.39,0.58,57.22,197761
50,1225,14.96,47.12,1.20,91.28,158963
50,1225,0.65,1.23,0.05,2.39,181554
50,1225,41.82,47.77,0.40,94.10,213635
50,1225,1.41,1.44,0.02,2.86,228603
50,1225,27.16,33.07,0.41,65.63,203376
50,1225,4.32,9.62,0.19,18.96,178497
50,1225,30.05,47.62,0.94,93.87,192284
50,1225,1.90,11.33,0.38,21.70,163311
50,1225,43.72,47.36,0.88,93.34,222451
50,1225,19.95,24.48,0.56,48.25,201278
50,1225,44.41,49.61,0.99,97.77,218622
50,1225,1.91,28.40,0.57,55.21,163936
50,1225,5.63,6.60,0.08,12.88,210704
50,1225,7.25,39.90,0.47,77.58,167771
50,1225,11.96,25.18,0.30,48.95,178254
50,1225,3.96,7.37,0.11,14.58,179428
50,1225,26.58,30.99,0.16,61.34,209423
50,1225,2.75,6.91,0.10,13.67,170949
50,1225,8.31,8.42,0.03,16.82,228999
50,1225,38.73,40.97,0.21,81.68,220225
50,1225,7.56,11.06,0.30,21.38,193426
50,1225,6.45,20.85,0.68,39.50,169739
50,1225,2.06,15.18,0.49,28.76,166172
50,1225,2.65,5.51,0.18,10.65,178128
50,1225,2.16,2.78,0.06,5.54,200008
50,1225,1.22,15.31,0.32,29.24,162978
50,1225,18.41,24.96,0.46,49.74,194900
50,1225,17.45,47.57,0.99,90.88,171670
50,1225,3.71,19.44,0.33,36.89,159585
50,1225,8.38,9.24,0.07,18.23,215723
50,1225,16.84,44.44,0.76,84.33,169801
50,1225,10.17,14.62,0.24,28.21,198841
50,1225,5.28,38.96,0.86,74.73,163815
50,1225,4.73,4.83,0.02,9.62,227787
50,1225,0.82,10.98,0.24,21.06,163608
50,1225,4.73,4.83,0.02,9.62,227787
50,1225,0.82,10.98,0.20,21.46,159202
50,1225,5.44,12.20,0.22,23.84,174893
50,1225,17.37,35.13,0.62,69.65,177908
50,1225,11.61,20.92,0.37,41.49,184041
50,1225,19.32,28.59,1.02,56.22,189783
50,1225,18.61,23.08,0.45,45.38,201936
50,1225,0.01,0.21,0.01,0.42,153409
50,1225,29.50,41.03,0.47,80.70,195674
50,1225,1.73,26.87,1.20,51.78,156122
50,1225,5.36,16.37,0.72,31.55,172158
50,1225,41.26,47.45,0.29,94.28,210217
50,1225,25.88,40.19,1.45,77.46,191522
50,1225,19.61,26.77,0.81,51.59,198251
50,1225,23.86,28.44,0.68,55.59,206008
50,1225,22.26,26.88,0.64,52.55,205981