nodes,edges,inner radius,outer radius,minimum distance,maximum distance,crossings
53,74,14.95,49.79,2.65,93.05,583
28,123,23.21,30.11,0.98,55.86,1805
81,1734,17.95,21.14,0.30,41.75,433881
47,786,3.28,9.70,0.31,18.17,67399
47,210,19.33,26.71,0.55,51.28,5756
59,916,21.45,45.71,1.48,85.57,98506
32,165,24.57,26.69,1.29,52.54,3264
96,1318,0.35,2.39,0.08,4.58,199161
80,2171,25.66,30.34,0.75,60.41,663981
45,922,42.08,45.77,1.04,91.14,121060
37,450,24.57,32.95,0.43,64.95,25719
95,692,37.35,41.02,0.51,81.58,69055
47,382,7.21,33.29,2.18,63.31,16642
95,4125,0.39,36.80,0.48,73.20,1946067
95,1616,15.77,41.48,0.35,78.05,314823
34,100,9.86,19.72,1.03,38.50,1053
55,1019,9.48,21.06,0.29,41.12,120842
42,677,5.33,27.15,0.52,53.00,49308
74,506,7.80,17.32,0.72,33.82,33628
11,23,39.58,45.98,4.18,89.77,58
98,621,0.70,1.37,0.07,2.66,45930
40,408,10.09,18.06,0.25,35.25,20304
50,726,17.45,25.06,1.10,49.14,65567
62,1187,31.41,41.15,0.79,81.57,193866
79,2148,27.21,45.12,1.99,88.46,593362
95,4044,11.72,32.94,0.55,64.41,1947589
74,1127,22.36,45.44,0.65,88.78,154174
41,439,0.41,43.02,1.51,84.05,20642
91,1242,12.33,29.33,0.37,56.86,185150
97,1659,15.02,26.93,0.64,52.20,347742
36,613,6.93,20.22,0.52,39.24,41691
58,902,7.93,35.33,0.91,69.07,90402
79,388,25.77,31.16,0.80,61.91,17880
15,27,27.59,36.73,3.72,65.66,71
48,320,6.17,6.45,0.11,12.85,13973
82,3031,19.50,44.19,0.60,87.78,1127013
82,649,20.98,28.95,0.57,56.58,55082
22,63,10.99,30.24,1.76,54.50,417
43,271,1.99,3.21,0.09,6.31,8701
39,92,7.63,20.16,1.61,35.69,926
61,800,3.83,10.66,0.37,20.44,73697
73,2531,5.90,6.63,0.03,13.16,925530
69,2103,18.84,36.44,0.97,72.35,530271
44,824,5.63,19.60,0.88,37.84,79313
27,105,9.44,16.14,0.89,28.71,1066
93,2770,22.12,28.84,0.30,57.39,1065401
81,1882,0.61,1.22,0.02,2.36,452813
12,41,0.75,2.13,0.32,3.37,138
93,4160,20.68,29.11,0.19,56.76,2379825
40,312,2.37,4.23,0.09,7.93,11515
29,161,1.94,9.42,0.38,17.78,2571
81,572,26.55,29.47,0.68,58.55,48862
53,137,7.55,48.94,1.70,86.62,1878
58,1119,23.23,47.01,1.00,92.52,151902
23,183,4.45,15.19,0.73,28.57,3232
83,942,13.93,26.81,0.57,52.76,106984
68,805,0.25,40.78,1.42,80.27,69512
37,639,7.75,7.88,0.07,15.69,60617
32,94,0.50,1.45,0.23,2.67,983
66,1445,20.20,22.94,0.17,45.66,297627
50,597,11.93,14.30,0.44,28.32,49388
32,227,29.33,40.09,2.35,79.37,7333
37,211,2.48,18.51,2.96,34.16,4814
50,632,0.70,2.18,0.11,4.16,45052
43,374,18.07,31.12,1.82,58.60,17912
19,155,29.61,48.79,1.36,92.89,2388
61,1750,36.95,41.57,0.30,82.74,448361
53,786,0.98,22.31,0.77,42.39,72217
20,78,5.62,10.37,0.24,19.25,580
48,878,10.62,40.54,0.94,77.03,87902
53,1045,18.83,26.78,0.23,52.84,141536
11,22,28.88,29.55,2.44,58.32,57
80,2139,27.11,49.97,0.44,98.60,579336
84,2233,5.70,44.79,1.09,87.13,567147
27,199,23.09,42.76,2.56,83.19,4560
36,600,15.43,16.65,0.13,32.60,51062
49,541,29.27,31.44,0.25,61.89,42758
74,2286,11.35,12.64,0.10,25.11,770849
87,1159,9.73,15.46,0.79,30.19,180758
39,665,18.71,36.52,1.21,70.54,50323
68,398,9.49,14.71,1.07,29.06,17692
58,489,3.54,5.74,0.25,10.82,27703
73,1522,10.59,14.39,0.34,28.42,305282
71,365,2.05,7.50,0.33,14.10,14864
47,155,42.88,49.69,3.31,95.53,3495
69,554,10.21,11.68,0.08,22.89,42463
75,1457,2.47,3.96,0.13,7.82,271934
65,799,1.74,11.95,0.73,23.72,70922
46,313,0.21,13.36,0.99,26.50,10071
84,2418,8.58,17.79,0.54,35.15,727034
91,2527,5.77,11.76,0.03,23.22,776146
74,896,15.94,19.02,0.11,37.27,112038
60,309,25.53,38.84,0.34,73.77,13376
10,10,1.71,3.78,2.49,6.86,9
65,2051,4.36,29.14,0.18,56.68,487124
65,1513,10.40,13.47,0.13,26.72,318065
93,198,6.87,6.89,0.03,13.77,5748
61,1361,4.28,27.27,0.68,53.69,210830
63,1215,5.40,36.01,0.91,70.89,171451
47,255,0.55,40.72,0.64,70.01,6693
11,35,3.75,41.29,7.51,62.33,136
99,944,1.49,33.76,0.94,65.37,100417
52,995,5.90,37.17,0.58,69.79,108838
58,739,13.93,36.48,0.57,70.99,62317
100,2472,33.43,42.80,0.44,84.87,854678
77,1404,12.94,28.32,0.42,54.98,232539
59,1573,3.60,13.28,0.26,25.80,284342
76,905,6.37,45.62,0.62,87.41,88763
19,57,34.06,39.90,3.50,77.86,337
73,1307,6.76,10.40,0.14,20.42,217451
70,523,14.21,15.20,0.07,30.23,40829
53,1152,2.55,9.23,0.13,18.02,138760
59,624,1.10,23.41,0.32,44.85,41170
90,3608,12.20,39.76,0.84,75.63,1564183
17,117,24.78,24.98,0.10,49.72,1802
55,1470,10.60,15.90,0.48,31.32,276076
58,1466,7.68,34.06,0.97,67.12,239205
68,1302,26.74,37.38,1.03,73.66,221494
18,53,2.73,24.00,1.82,38.38,281
72,2418,3.37,9.47,0.28,18.59,672118
80,1660,27.84,32.73,0.26,65.21,398365
59,765,32.23,36.89,0.52,73.49,83999
81,1882,7.08,14.90,0.34,29.28,421695
55,514,4.66,25.69,1.36,50.75,26924
73,1677,8.54,27.37,0.49,54.08,317100
27,84,7.24,44.56,5.48,81.70,617
82,2875,4.43,6.23,0.06,12.32,1098599
63,133,4.50,25.06,0.95,45.73,1845
40,75,1.71,8.87,0.83,16.05,484
73,2553,5.75,38.61,0.45,75.01,726861
89,1831,35.36,44.93,0.84,88.40,476531
68,377,0.52,22.91,0.47,43.72,16422
31,360,17.24,20.99,0.34,41.00,17011
33,305,13.73,38.44,0.79,72.02,10128
38,542,2.61,10.56,0.22,19.79,33633
38,312,5.92,8.60,0.38,16.63,11860
54,1163,19.41,37.70,0.60,73.59,164020
24,182,1.08,2.25,0.16,4.17,4048
65,1187,29.63,45.72,0.18,90.17,180828
72,418,36.26,38.75,0.32,77.01,22457
26,106,22.93,49.93,3.66,91.71,1345
87,2021,19.93,47.64,1.20,93.34,491001
89,3916,12.54,30.80,0.12,60.34,1844853
56,1533,6.18,8.18,0.26,16.23,316680
21,70,27.71,32.57,1.61,62.07,722
59,472,6.72,40.26,2.29,74.53,24239
22,208,25.02,29.92,1.48,58.34,5644
35,529,6.46,30.53,1.73,56.50,30356
87,1858,1.26,30.38,0.54,59.23,374209
93,1389,0.70,48.44,2.19,92.09,214122
37,622,1.13,41.43,1.80,78.48,39662
15,42,12.98,14.06,1.63,27.39,159
52,1255,5.17,8.26,0.04,16.09,205740
99,4302,22.16,35.35,0.36,70.36,2417899
20,113,5.71,44.55,8.32,79.67,1222
96,4410,19.62,41.15,0.55,81.62,2420986
61,716,2.30,22.39,0.55,42.92,49613
43,225,10.36,41.60,2.46,78.20,5548
83,2397,19.69,21.24,0.18,42.26,882432
100,3161,16.92,36.27,0.27,71.47,1227389
32,124,30.11,46.85,0.73,91.25,2274
99,1281,20.81,25.96,0.73,51.18,228375
11,40,2.52,28.51,6.07,46.65,142
40,443,0.00,45.39,0.50,83.19,20969
100,1684,12.07,14.13,0.21,28.19,403575
88,1594,9.74,10.16,0.07,20.23,380788
26,279,3.99,33.47,4.25,61.21,7846
42,540,13.78,41.76,0.46,77.62,31201
49,883,22.15,49.82,0.55,98.04,91024
25,87,3.77,4.91,0.14,9.49,892
88,2811,6.19,45.59,0.88,89.34,869744
72,1768,7.37,28.21,0.21,53.91,366568
86,270,1.94,2.41,0.02,4.73,9736
24,187,0.90,1.04,0.04,2.00,4642
13,51,2.25,4.56,0.42,7.81,218
48,1099,3.78,16.07,0.44,30.71,136796
67,395,7.11,20.88,1.26,41.00,15957
25,216,23.93,47.76,1.96,90.86,5240
72,2144,8.84,17.32,0.25,34.00,567139
70,1604,25.21,37.41,0.75,73.44,336088
30,170,5.84,22.48,1.56,41.94,3289
70,788,15.79,42.54,2.04,82.36,71139
42,538,20.80,21.29,0.33,42.39,42167
56,567,16.84,40.05,1.10,75.82,38984
41,71,33.18,41.93,1.67,81.55,632
75,1566,0.08,2.90,0.04,5.55,285683
35,305,21.48,38.90,1.07,72.58,11669
72,2533,2.17,6.73,0.08,13.09,766428
47,911,17.84,49.48,1.58,95.81,94382
67,168,8.50,27.56,1.79,53.40,2736
13,50,1.29,20.20,3.18,39.14,257
32,325,43.36,44.78,1.06,88.94,14945
94,2336,15.59,47.82,0.60,94.87,656403
56,503,11.63,12.16,0.29,24.15,36827
64,1327,2.00,5.52,0.23,10.41,201453
57,930,10.14,18.71,0.80,35.28,101992
52,897,3.44,7.33,0.14,13.83,95989
36,320,0.72,1.92,0.16,3.58,11250
34,234,18.48,37.80,2.49,66.77,5920
45,892,1.85,2.80,0.05,5.39,102827
31,200,26.85,27.90,0.59,55.67,5784
23,240,2.90,11.13,0.92,18.76,6144
91,2060,44.95,47.12,0.38,93.70,659421
53,502,3.90,4.29,0.09,8.50,36371
27,121,3.83,3.91,0.08,7.75,1853
63,1541,19.51,26.18,0.53,51.34,331433
76,1688,17.08,19.19,0.39,38.01,415831
76,2698,2.50,3.63,0.03,7.14,975048
58,1219,16.73,41.66,1.14,81.38,175331
99,3256,4.33,7.39,0.07,14.59,1367044
87,913,5.67,17.57,0.13,33.87,99425
48,427,28.57,34.26,0.68,67.15,24867
97,2542,1.56,23.61,0.13,45.52,730951
60,1489,3.04,15.06,0.36,29.47,245943
11,30,31.36,48.81,7.81,88.00,60
28,94,38.34,45.16,3.15,86.68,1161
96,1797,12.41,14.16,0.17,28.14,472089
94,4340,19.32,43.68,0.10,86.01,2307117
36,599,20.17,21.94,0.21,43.41,51039
46,534,22.90,40.63,1.21,80.40,35343
72,1727,1.41,5.74,0.05,11.36,349033
69,886,12.53,26.02,0.34,50.57,97647
54,769,18.24,27.42,0.52,53.47,75426
12,56,30.24,35.69,0.68,68.42,339
25,175,0.91,5.12,0.49,9.50,3209
13,22,1.30,38.19,5.30,63.92,39
62,787,22.28,32.89,1.25,63.55,80591
17,93,24.09,26.53,0.50,51.74,897
87,3394,8.79,8.94,0.04,17.85,1782952
68,2085,31.89,42.40,0.35,83.56,577538
97,2062,23.25,23.91,0.05,47.66,629978
84,1903,14.81,44.18,0.36,85.69,432834
43,503,20.10,22.80,0.68,45.35,37056
27,35,5.60,17.37,0.52,27.21,127
82,825,1.38,10.63,0.32,20.40,78760
70,574,17.17,22.68,0.68,44.15,43858
27,241,1.64,14.52,0.43,27.14,6154
90,269,6.22,47.35,1.73,88.59,8075
97,3021,2.99,18.11,0.15,35.13,1056554
61,584,37.28,48.70,1.05,93.13,47716
36,566,8.53,36.59,2.32,69.00,35090
94,412,9.80,13.15,0.35,25.39,22306
10,24,0.71,1.64,0.21,2.82,66
31,337,3.15,13.90,0.88,26.21,12102
39,116,0.16,4.69,0.70,7.74,1593
51,586,2.70,39.46,1.69,73.89,41251
55,589,13.24,26.21,2.13,50.49,44644
60,1158,37.93,46.82,1.01,93.42,190485
30,203,1.81,5.22,0.47,9.85,5094
70,1393,31.59,37.11,0.65,74.06,283444
68,2186,10.40,38.69,0.28,76.15,531937
81,3029,1.82,5.42,0.08,10.44,1089799
40,150,16.45,46.11,3.10,89.17,2387
18,45,0.27,38.22,2.57,72.17,138
41,199,9.00,11.29,0.38,22.19,5007
61,227,6.76,32.81,2.20,64.45,6283
69,1116,29.63,39.36,0.64,77.06,166196
70,1533,0.24,6.86,0.11,13.44,262958
65,1848,10.55,28.86,0.33,56.80,407383
68,1902,6.34,14.20,0.16,27.77,447430
70,1743,15.58,19.35,0.13,38.13,428411
53,798,4.63,40.85,0.63,78.99,70866
71,675,3.98,20.78,0.32,39.52,49772
99,1141,18.61,22.00,0.33,43.85,185351
64,789,1.72,7.47,0.11,14.34,67365
52,1049,0.20,23.99,0.34,45.41,117835
89,3901,23.01,35.48,0.50,70.73,2009169
16,93,21.09,28.31,1.62,53.25,845
33,430,9.38,33.84,1.03,63.81,20360
14,50,34.22,40.17,2.65,76.21,318
84,2144,5.39,7.92,0.14,15.53,624429
22,54,32.30,32.72,1.27,65.03,362
72,1585,33.55,34.67,0.24,69.20,381124
82,2083,9.01,21.89,0.38,43.22,515597
42,468,4.98,28.55,1.39,55.28,24064
64,487,37.73,44.74,0.77,87.38,31431
15,97,12.20,27.56,2.48,51.35,999
95,1444,12.57,13.51,0.14,26.93,326446
64,1184,2.65,7.10,0.12,13.87,170744
45,601,8.96,37.06,1.81,71.22,39514
56,802,5.12,16.58,0.48,32.37,74976
41,753,1.72,4.35,0.21,8.50,65413
20,64,38.76,40.54,1.00,79.53,448
68,764,19.47,20.76,0.37,41.27,88655
76,2339,10.15,10.88,0.06,21.68,836824
66,871,17.49,29.71,0.90,56.62,98276
55,225,3.20,8.78,0.45,16.20,5859
71,529,5.64,35.24,0.44,65.03,31838
17,56,3.46,45.86,5.80,63.02,226
29,35,5.52,9.56,3.68,16.42,136
96,4494,0.11,25.01,0.31,46.66,2220341
81,3222,41.91,45.65,0.43,90.81,1554295
51,192,8.09,49.53,5.34,95.39,3552
68,1681,2.33,17.44,0.29,33.59,310278
91,203,26.18,33.33,3.57,64.18,5341
12,44,1.61,11.33,1.63,18.98,118
27,329,16.91,30.65,0.58,59.03,12839
56,1238,29.16,30.86,0.24,61.43,229425
60,672,12.67,41.20,0.78,79.36,51074
30,409,0.50,10.29,0.17,19.82,15984
89,2259,1.42,35.85,0.68,70.27,578285
55,596,0.35,13.19,1.08,25.96,39353
27,36,38.73,47.22,6.17,93.44,189
67,1179,6.12,10.78,0.32,21.15,173291
56,121,31.38,47.36,3.34,93.24,1627
72,2141,32.63,34.17,0.09,68.02,691925
60,1003,23.43,32.93,0.12,65.15,126173
17,90,23.91,40.47,1.82,74.63,717
87,2556,4.46,10.39,0.15,20.12,781630
35,324,7.60,12.30,0.73,22.37,13765
50,233,14.78,19.19,0.69,35.18,6898
51,1206,18.97,30.19,0.87,55.42,195646
95,1944,6.68,26.01,0.71,50.75,434731
72,2505,1.38,40.88,0.17,78.28,703642
29,286,2.57,3.62,0.23,7.08,9984
60,1629,4.73,7.21,0.05,14.19,335778
83,3198,15.64,35.45,0.80,70.55,1251246
90,1936,4.04,40.32,0.51,77.64,412487
66,1287,14.68,48.33,1.84,95.45,188248
58,1205,14.13,29.92,0.86,59.09,166414
64,339,6.87,39.81,1.82,75.47,12470
94,113,0.11,4.44,0.38,7.69,1123
96,1131,10.64,11.39,0.04,22.67,204346
43,359,0.17,15.21,0.41,28.23,13902
18,89,2.91,9.11,0.29,16.44,689
60,286,15.18,46.39,0.93,90.36,10153
90,1152,0.24,17.82,0.36,34.71,152981
99,3194,15.62,37.30,0.52,73.45,1236294
16,38,20.46,34.10,4.47,66.02,110
24,235,1.42,46.84,2.93,86.59,5303
31,420,19.41,25.82,0.63,50.40,22467
51,1154,0.48,1.15,0.02,2.25,155693
82,1769,39.48,40.00,0.08,79.83,502956
100,3498,26.28,29.95,0.16,59.49,1778640
51,121,21.17,22.82,0.15,45.18,1599
92,1544,3.25,6.26,0.02,12.39,290803
78,997,8.06,13.90,0.09,27.53,123600
51,1158,2.94,6.09,0.15,11.63,154818
12,57,0.67,7.75,1.07,12.99,215
61,1341,10.90,12.85,0.15,25.47,254813
23,55,14.51,24.68,2.25,40.86,315
55,1182,13.52,15.58,0.18,30.87,195258
63,1742,12.88,36.90,0.89,70.45,335195
61,109,33.37,41.48,3.36,79.87,1413
13,69,13.24,30.75,3.88,53.37,441
16,45,35.68,40.78,5.13,80.09,222
73,902,32.55,35.08,0.24,69.83,120800
38,330,17.23,39.45,2.67,74.81,12792
43,307,17.36,18.26,0.21,36.19,13093
100,1425,1.00,2.10,0.02,4.13,241866
38,434,4.81,21.95,1.22,40.95,19934
47,681,14.25,35.93,1.60,70.57,51873
46,149,9.09,23.91,1.94,45.00,2476
55,1135,0.97,4.19,0.19,8.23,144709
24,172,1.05,3.34,0.27,6.22,3162
67,981,3.57,44.98,2.71,85.32,104866
44,300,2.53,19.30,0.72,36.56,9205
93,1219,8.47,36.95,1.42,72.00,165464
14,79,2.00,11.87,0.87,22.48,565
24,239,9.26,11.86,0.46,22.90,7254
40,648,19.39,37.79,1.40,72.95,49265
57,578,41.85,42.26,0.21,84.47,51793
94,3994,3.42,10.26,0.14,19.99,1892398
57,378,3.59,47.14,1.13,91.26,14950
91,1390,9.62,13.99,0.27,27.01,252277
21,138,15.55,34.15,0.65,63.20,1659
88,2786,9.96,23.10,0.44,44.70,927844
69,412,34.02,44.09,0.44,85.20,22609
51,940,14.60,25.67,0.26,48.91,108689
39,147,9.59,13.82,0.57,26.33,2622
19,122,13.03,39.30,4.48,71.52,1483
53,211,2.35,6.88,0.50,12.52,4939
30,166,2.85,3.59,0.07,6.88,3862
60,77,47.06,47.27,0.78,94.39,876
50,817,20.80,26.41,0.27,51.04,92470
29,149,6.70,47.76,3.24,86.92,2291
54,239,6.36,18.84,1.28,35.46,6056
24,78,4.35,32.16,6.05,54.95,653
63,376,12.10,37.38,2.53,70.37,15214
23,190,6.58,34.69,2.35,63.14,3721
88,2510,14.49,35.98,0.36,69.14,744410
68,470,1.11,8.15,0.24,15.77,24634
33,261,30.11,49.80,2.72,97.73,8755
17,20,31.90,44.18,2.87,82.49,46
17,18,6.34,10.73,1.71,19.25,30
17,124,1.34,24.46,2.05,45.79,1411
98,1586,3.55,8.79,0.22,17.24,308382
55,1374,16.52,31.41,0.31,59.70,237550
53,434,38.48,40.51,0.31,80.26,27751
11,47,4.23,11.78,1.75,18.97,198
67,1386,32.82,36.66,0.15,72.67,278283
29,59,18.23,22.33,2.03,41.75,346
76,1251,12.49,48.93,0.49,93.01,177078
41,515,13.86,25.97,1.78,49.75,30845
27,143,15.07,15.28,0.12,30.48,2934
44,751,3.26,9.84,0.41,18.84,63854
12,56,6.66,22.97,1.67,41.88,249
15,79,16.72,31.34,2.28,57.13,532
18,115,40.88,46.57,3.32,91.78,1654
61,1828,10.65,11.95,0.14,23.68,487837
14,52,12.71,22.17,1.61,40.41,284
52,856,34.75,42.58,0.89,83.92,100724
60,1661,1.10,20.52,0.58,40.44,303832
79,2143,5.64,34.39,0.71,68.40,492522
31,71,2.92,7.66,0.54,12.79,528
36,607,3.69,7.80,0.24,14.67,44296
48,941,6.17,28.06,0.85,52.78,97518
34,148,27.12,39.35,2.75,72.49,2907
13,43,2.52,23.18,1.34,40.72,138
38,421,14.16,48.71,1.48,91.64,19459
30,288,6.61,15.17,0.46,28.53,8861
99,4763,14.28,36.40,0.40,72.58,2772831
56,351,28.41,29.14,0.13,58.00,19476
68,1841,8.45,27.11,0.60,50.57,379283
55,496,1.87,2.31,0.02,4.58,34468
10,20,15.42,35.57,16.84,63.97,45
28,342,4.26,19.83,0.88,37.86,12068
23,33,11.41,41.62,6.71,74.86,57
87,2169,1.39,6.52,0.08,12.56,545553
94,2816,17.25,17.32,0.02,34.64,1258846
48,1027,11.34,21.56,0.88,42.37,127278
69,1593,6.22,43.34,0.46,85.18,278432
50,682,9.56,14.36,0.05,28.60,59545
69,1525,5.43,7.92,0.03,15.77,302711
68,1688,16.02,34.29,0.13,68.31,343786
100,1345,2.31,5.65,0.13,11.01,215951
75,818,10.87,13.57,0.35,26.34,90158
68,1698,5.46,29.30,0.77,56.22,328904
99,4514,3.47,8.45,0.22,16.40,2426223
24,70,4.25,5.86,0.37,11.37,527
59,794,22.33,36.05,0.97,69.94,74000
37,191,1.26,15.50,0.60,27.20,2965
84,3086,6.16,14.50,0.19,27.93,1146071
11,47,23.41,49.33,7.39,88.15,192
11,24,3.46,26.42,5.39,46.19,53
24,49,0.06,2.68,0.35,4.76,167
80,531,31.43,34.15,0.39,68.07,41354
96,3082,31.43,40.37,0.32,80.48,1350604
97,1157,7.77,47.61,2.46,93.91,154645
28,281,1.34,48.81,1.51,91.50,7734
46,63,5.15,6.71,0.35,12.57,355
90,815,8.38,40.56,1.33,77.63,79784
41,333,5.68,13.38,0.79,25.77,12119
79,2998,26.60,29.14,0.35,58.01,1321081
61,285,9.90,16.17,0.20,30.59,10585
28,60,7.56,43.00,3.17,77.12,323
94,2142,23.61,29.60,0.36,58.39,646940
29,243,12.60,39.53,3.14,69.26,6486
32,230,20.57,31.26,0.75,60.54,6082
76,2734,21.72,23.29,0.06,46.51,1132717
69,221,11.91,39.84,2.07,77.72,5818
82,2524,9.65,14.34,0.06,28.34,854144
81,1399,2.67,25.14,0.27,48.51,213397
35,476,8.84,28.98,1.14,55.08,24010
77,2896,1.88,30.83,0.64,60.59,980243
52,1021,6.69,40.15,2.13,79.29,115262
69,1579,24.01,37.18,0.47,73.43,322850
62,675,13.70,24.53,0.55,48.44,56685
87,2771,22.89,32.54,0.44,63.69,1042565
87,743,23.21,31.72,0.27,61.86,76346
71,791,2.53,19.81,0.70,37.15,70734
33,92,3.86,47.99,4.81,84.60,955
74,170,4.80,20.65,1.12,36.31,2940
12,36,7.35,12.11,0.89,20.58,85
72,992,10.06,38.97,0.79,73.88,114716
16,98,35.56,40.14,1.41,78.28,1120
10,40,18.93,21.03,0.74,40.14,159
83,2365,21.84,46.70,0.95,91.07,680671
91,1270,11.31,43.77,0.50,86.68,177775
13,65,11.26,42.51,2.30,77.15,418
59,1148,9.76,42.56,0.48,82.10,149215
18,68,11.33,24.61,1.33,47.47,459
60,1107,7.99,25.48,0.15,48.85,145318
24,258,10.67,12.03,0.19,23.78,9088
70,707,2.29,32.79,0.62,61.94,55181
31,184,11.70,22.07,0.75,41.15,3252
31,376,9.90,10.92,0.17,21.59,19851
14,35,22.04,23.64,1.26,46.74,113
71,1818,4.12,23.43,0.44,45.76,370246
43,699,8.57,12.11,0.23,23.95,63172
22,126,35.94,38.73,0.61,76.58,1894
25,77,11.96,14.23,0.77,27.79,657
34,472,7.86,14.71,0.28,27.54,24379
31,114,2.96,4.05,0.22,7.70,1623
25,261,7.62,15.29,0.81,28.50,7017
63,112,10.57,13.42,0.56,25.25,1512
79,606,4.67,25.26,0.77,47.72,41731
78,1760,11.53,25.83,0.49,50.45,387274
42,49,11.87,32.58,5.10,56.09,227
50,1165,12.20,38.87,1.56,75.46,154553
13,56,5.37,17.71,2.06,27.21,284
86,1861,16.02,21.75,0.22,43.11,474381
30,181,18.28,29.33,3.11,56.38,3767
18,135,9.76,37.10,3.93,62.42,1699
93,1643,3.10,40.82,0.60,77.68,312179
95,980,15.45,43.46,0.99,83.54,114372
38,244,2.04,11.87,1.34,20.24,6540
37,328,1.71,7.63,0.37,14.68,12439
53,280,18.11,26.76,1.01,51.47,10179
34,549,16.85,39.00,1.48,74.99,33790
29,85,20.17,29.99,3.40,57.56,825
31,329,0.27,23.66,2.68,45.48,11262
57,460,26.95,37.77,0.93,72.64,25988
67,1844,0.80,3.78,0.05,7.27,394715
92,647,3.59,5.49,0.03,10.54,54283
74,753,44.39,45.64,0.27,90.69,90872
83,148,6.27,12.43,0.24,24.27,2401
57,92,23.57,26.86,1.11,51.63,825
99,985,2.70,29.80,0.74,55.91,108214
17,128,24.67,49.94,2.06,93.70,1733
64,1602,3.74,28.63,0.18,54.94,274549
76,2179,41.99,47.62,0.23,94.98,691970
91,3232,5.16,18.92,0.05,36.49,1220725
86,190,1.31,3.90,0.16,7.01,4323
16,77,2.22,17.96,0.59,32.15,416
47,412,36.74,48.17,3.36,93.23,23662
30,425,3.86,17.46,0.55,32.82,18083
49,890,0.36,5.29,0.17,9.99,83421
47,457,8.66,18.39,0.57,34.75,25463
52,500,2.72,10.60,0.33,19.84,29177
70,134,7.25,17.54,1.85,31.39,2047
82,570,20.53,22.84,0.19,45.22,46739
31,170,1.96,5.47,0.18,9.80,2978
83,1348,2.41,2.46,0.01,4.92,286112
90,3017,33.35,35.47,0.27,70.57,1371280
36,546,5.43,46.33,1.97,91.17,31460
41,804,15.32,16.56,0.09,32.85,91091
31,254,22.42,33.29,2.44,65.51,8129
57,1424,1.12,33.95,1.44,66.89,223729
30,44,22.93,26.15,2.18,49.99,177
15,23,7.69,36.48,6.86,53.80,35
82,3153,29.17,31.88,0.18,63.36,1482832
37,304,6.80,25.68,1.15,46.62,10178
69,626,18.16,23.84,0.86,47.02,52301
34,116,6.08,13.02,0.47,24.49,1445
57,1312,6.38,27.95,1.01,53.53,194161
81,3144,7.38,12.01,0.13,23.68,1301693
15,86,5.29,23.53,1.34,43.67,644
82,1124,17.12,30.66,0.96,59.58,158306
17,94,14.41,35.15,2.00,65.22,748
96,1976,4.05,16.82,0.50,32.68,462875
19,141,27.23,34.20,0.39,66.27,2313
41,173,28.36,40.10,1.18,76.96,3800
62,1876,2.44,4.05,0.04,7.88,445228
100,107,1.44,46.49,3.26,78.57,1077
68,703,14.59,29.11,1.14,53.26,60961
54,750,10.20,17.29,0.16,33.51,70425
73,351,3.95,21.89,1.10,38.07,13667
70,576,0.07,36.71,1.85,65.92,37091
15,69,6.02,13.23,0.72,25.56,440
48,853,21.25,35.38,1.14,68.35,90364
27,104,12.35,47.38,7.80,86.53,1022
49,611,7.11,39.53,1.77,76.35,42146
17,108,19.63,38.34,2.10,74.06,1292
59,591,7.16,26.64,1.48,51.46,38866
71,1503,5.25,6.68,0.14,12.95,310791
26,276,14.48,48.05,2.63,92.82,7902
32,484,7.00,48.41,2.17,93.50,23553
77,222,12.94,14.18,0.55,27.94,6948
40,591,3.05,17.31,0.78,33.43,38028
47,742,18.35,44.14,1.43,83.37,62133
56,111,6.33,8.17,0.20,15.79,1365
32,177,40.18,47.98,2.15,91.70,4097
63,1437,6.95,12.65,0.33,24.44,257845
60,504,26.82,38.70,1.04,75.16,29121
19,123,2.58,6.82,0.67,12.74,1532
36,541,4.73,11.61,0.08,21.71,33879
42,129,16.13,48.16,2.15,85.29,1708
44,184,9.52,46.39,0.31,86.71,3381
42,693,0.50,31.20,0.21,58.31,51139
63,1631,1.56,42.72,0.29,82.96,296284
82,1543,1.81,10.83,0.32,21.32,256642
29,105,26.52,30.98,2.19,58.37,1230
27,168,8.34,28.61,2.23,52.65,2900
25,71,0.92,4.43,0.47,7.47,352
84,300,11.71,12.46,0.13,24.54,12164
43,450,0.78,2.48,0.07,4.69,22140
91,555,4.12,6.08,0.12,11.68,39720
55,578,7.80,9.18,0.09,18.19,48907
96,3522,0.64,37.80,0.42,72.27,1379676
47,943,2.63,15.33,0.22,29.57,93134
76,960,1.63,38.35,0.54,73.84,98209
55,710,29.32,46.51,0.88,89.71,62321
40,628,9.18,27.68,1.11,53.39,42655
28,34,17.54,32.57,2.57,61.88,102
15,58,2.79,48.85,11.62,92.82,278
21,124,0.57,28.34,1.85,53.85,1553
28,209,11.50,19.44,0.78,37.50,5155
27,51,17.39,38.86,3.06,68.74,246
63,161,20.52,34.41,1.37,66.37,3197
51,1119,12.60,13.31,0.10,26.59,180119
86,2687,2.34,2.75,0.02,5.42,1041626
45,883,0.98,1.35,0.06,2.65,101440
36,67,3.59,7.73,1.13,14.70,452
38,454,7.63,16.72,0.79,31.79,24069
23,57,2.38,17.20,2.56,30.28,291
39,308,3.99,20.70,1.33,38.31,10869
70,694,32.58,47.73,1.83,94.82,57872
37,351,1.87,2.77,0.12,5.27,15044
67,805,1.15,47.89,1.45,90.90,67083
21,71,2.83,8.37,1.01,14.84,505
38,352,36.45,48.55,3.51,94.50,15967
90,3450,23.95,42.64,0.91,84.70,1532368
85,708,6.37,14.31,0.39,28.20,57811
48,862,3.05,18.27,0.47,35.07,76824
40,365,2.20,20.85,0.43,39.98,13491
97,2847,26.84,31.12,0.22,61.62,1161524
15,57,40.53,46.98,1.60,89.12,353
80,1288,17.30,39.67,1.88,75.79,204225
96,3931,22.12,49.50,0.94,97.52,1909055
14,79,44.60,47.75,1.38,94.18,711
58,552,6.75,20.16,0.15,39.63,32484
32,244,0.59,6.65,0.05,12.99,5613
84,3232,3.60,12.92,0.08,25.47,1177634
27,127,30.04,41.41,1.17,78.62,1691
24,69,13.18,38.48,11.52,66.42,530
96,1951,3.70,16.85,0.45,32.69,445455
58,676,11.15,20.83,0.51,40.84,55452
13,38,12.55,12.71,0.09,25.25,109
44,159,21.06,43.67,3.04,81.79,2883
55,447,12.06,23.17,0.88,44.44,23067
28,173,0.42,9.29,0.23,17.45,4111
20,111,2.14,21.97,0.54,41.29,1394
64,205,5.99,48.61,1.18,91.05,4893
26,280,4.25,18.27,0.69,34.78,9299
27,120,7.79,41.78,1.02,78.51,1725
41,553,0.24,4.29,0.10,8.44,36201
40,251,4.05,11.78,0.44,22.42,7538
81,919,12.97,18.52,0.58,36.31,109486
63,340,25.79,46.12,1.44,89.16,13429
11,21,27.20,31.77,4.87,59.49,30
54,1410,41.83,47.82,0.36,94.27,282944
24,40,0.33,41.73,8.04,78.70,160
29,50,18.28,43.36,11.19,81.77,258
18,94,15.98,31.81,0.77,61.47,1008
54,265,1.03,1.88,0.04,3.68,8135
23,112,8.82,9.96,0.50,19.73,1656
29,268,16.14,26.89,0.54,52.55,8881
80,1929,28.78,30.37,0.27,60.37,565999
91,1328,1.12,2.23,0.04,4.37,208914
67,416,8.15,45.93,0.06,87.64,17138
43,570,40.52,44.17,0.56,87.33,46220
81,778,4.02,8.33,0.10,16.47,71209
13,77,26.95,45.41,6.97,86.88,614
65,180,9.19,23.06,1.06,44.12,3648
13,16,34.74,41.20,17.17,78.62,36
11,20,8.13,17.83,5.78,33.80,34
65,321,16.07,44.25,0.05,84.44,10677
26,90,22.70,40.67,5.37,77.07,895
86,2510,2.55,2.70,0.01,5.40,944212
28,169,8.61,31.27,1.38,52.13,3285
58,1405,8.52,20.32,0.32,38.27,222144
30,75,1.38,6.62,0.70,10.63,493
73,332,30.55,36.32,1.59,69.60,14027
18,81,14.05,36.50,2.05,60.82,682
38,163,12.87,30.99,1.37,55.22,2557
30,179,1.21,1.32,0.06,2.54,4107
99,3989,21.42,33.54,0.17,66.01,2130065
92,3544,9.52,15.63,0.00,30.75,1624970
34,449,5.14,21.37,0.58,41.53,22108
80,1029,29.25,49.32,2.64,97.06,137842
80,426,22.14,36.38,2.05,72.17,22406
46,838,38.48,48.01,0.42,95.24,90284
83,229,11.23,27.11,2.22,52.30,6000
44,221,26.17,35.47,2.00,70.37,6483
83,3309,12.24,16.12,0.14,31.98,1495154
34,462,31.24,38.60,1.49,75.68,27716
24,27,8.44,30.82,1.36,52.96,51
81,2292,0.47,1.32,0.01,2.57,608491
47,174,7.29,34.19,1.50,66.67,3061
40,454,20.41,33.33,0.13,64.99,25147
35,375,9.94,14.82,0.28,29.01,17844
14,53,0.42,6.42,0.79,10.58,237
29,398,9.19,14.99,0.61,28.74,19274
93,2257,0.88,21.91,0.41,42.02,581322
26,160,8.34,36.89,1.27,64.23,2581
74,1153,24.90,44.00,0.53,84.49,168673
98,952,13.98,27.93,0.69,54.54,107931
38,458,11.91,13.87,0.13,27.36,28276
88,2323,3.79,4.01,0.02,8.01,836125
95,430,12.83,32.76,0.76,63.12,20226
70,1499,24.28,34.77,0.93,67.95,292074
18,105,3.51,6.73,0.75,12.96,1006
60,205,13.97,15.36,0.63,30.11,5605
73,532,8.84,20.24,0.47,39.00,31727
52,881,20.31,22.42,0.20,44.53,110596
20,155,38.42,39.17,0.89,77.90,3294
59,1298,15.19,21.84,0.54,42.69,222699
82,310,20.26,38.12,1.81,73.46,10407
52,673,24.14,32.87,1.35,64.24,57622
35,412,7.75,16.49,0.92,28.39,18423
14,26,10.08,39.99,2.23,63.73,55
72,449,15.26,25.12,1.51,47.45,25030
54,92,8.33,11.24,0.91,21.17,996
35,383,7.97,10.10,0.24,19.44,19884
26,49,14.02,32.23,1.79,54.72,255
19,84,18.47,19.08,0.44,37.74,893
85,3068,7.04,33.07,0.66,65.04,1090727
82,2557,11.15,23.36,1.07,46.38,812922
68,1611,5.44,6.74,0.09,13.25,362769
31,102,26.00,36.08,3.32,70.24,1271
59,1605,22.19,36.78,0.74,72.24,329944
85,3165,5.61,18.98,0.18,37.59,1137328
47,998,28.68,34.28,0.33,66.81,137403
33,71,41.84,49.69,1.65,96.03,632
77,2842,13.99,38.36,0.04,75.26,927974
98,2871,9.16,33.55,0.36,65.55,986976
35,495,7.68,11.64,0.22,22.45,29499
86,1995,7.66,11.20,0.30,21.60,526829
88,2840,11.17,12.18,0.06,24.23,1208186
46,996,1.30,9.96,0.38,18.95,108618
17,93,24.23,37.51,5.00,71.00,931
73,1419,30.83,32.08,0.13,64.05,306349
78,1088,2.96,3.53,0.11,6.93,173514
67,1819,0.65,10.89,0.18,20.94,357288
41,107,21.54,30.65,1.24,58.86,1410
80,741,3.51,10.59,0.18,20.22,59925
97,910,2.03,18.17,0.30,34.67,85645
24,93,0.78,15.43,0.75,28.85,872
88,2303,1.92,5.23,0.06,10.07,609643
39,302,13.68,31.73,0.35,60.29,9648
21,77,12.82,46.21,2.25,86.40,528
17,83,35.77,41.35,0.46,79.60,796
26,50,21.16,48.08,2.34,91.35,172
83,590,8.01,24.62,0.27,47.40,38089
76,1858,4.42,46.63,0.52,89.31,378984
22,29,13.69,22.27,1.76,39.15,60
24,100,12.34,22.90,1.34,41.50,1143
40,658,2.22,5.12,0.05,9.70,47968
35,162,7.43,31.29,0.31,56.71,2593
11,20,6.64,7.06,0.63,13.54,40
82,2681,13.04,38.65,0.39,74.16,852743
87,2990,19.38,29.22,0.50,57.31,1177896
69,805,22.80,48.62,2.89,92.16,79906
81,532,1.32,2.79,0.19,5.36,35119
94,2923,0.18,1.76,0.01,3.43,1019255
44,215,2.98,31.33,1.02,60.92,4919
26,199,7.11,40.44,1.32,74.62,4349
73,2051,4.15,5.02,0.04,9.99,576282
33,390,24.84,30.69,0.82,60.65,21341
24,202,3.32,15.63,0.39,25.83,4285
84,2369,22.17,36.27,0.41,71.68,733432
58,1074,17.10,37.65,1.23,70.91,131873
87,166,7.23,7.99,0.35,15.66,3226
65,1172,8.18,15.02,0.08,28.30,171211
39,412,3.62,12.50,0.55,22.88,18481
46,653,15.43,35.74,1.17,67.32,49962
18,43,29.28,49.52,8.09,90.67,173
83,2820,33.90,40.14,0.24,79.79,1118283
49,693,4.42,25.81,0.67,48.43,50540