nodes,edges,inner radius,outer radius,minimum distance,maximum distance,crossings
50,1225,0.83,50.00,1.86,97.71,4678650
50,1225,18.98,50.00,1.86,97.71,4441537
50,1225,35.73,50.00,0.66,97.71,2936325
50,1225,15.69,50.00,1.26,95.72,2960991
50,1225,12.52,50.00,1.26,95.72,3030240
50,1225,31.98,50.00,0.88,97.30,3103942
50,1225,47.80,50.00,0.22,99.14,2482565
50,1225,12.99,50.00,0.68,96.01,3301600
50,1225,32.93,50.00,0.22,98.41,3004708
50,1225,37.02,50.00,0.86,98.34,2652218
50,1225,2.34,50.00,0.94,95.18,2530896
50,1225,38.90,50.00,0.86,98.34,2408692
50,1225,27.54,50.00,0.94,98.27,2763779
50,1225,17.19,50.00,1.08,96.92,2675103
50,1225,48.75,50.00,0.29,99.55,4106756
50,1225,24.08,50.00,1.08,96.92,2966197
50,1225,23.74,50.00,0.30,96.06,4019389
50,1225,21.09,50.00,0.30,96.06,3976544
50,1225,20.51,50.00,0.30,96.06,3976544
50,1225,20.51,50.00,1.85,98.28,3629512
50,1225,36.93,50.00,0.28,98.28,3138731
50,1225,2.34,50.00,1.85,98.28,3425789
50,1225,5.06,50.00,1.85,98.28,3425789
50,1225,5.06,50.00,0.25,96.47,2597929
50,1225,11.47,50.00,0.25,96.47,2800552
50,1225,11.00,50.00,0.25,96.47,2800552
50,1225,11.00,50.00,0.78,96.42,3485824
50,1225,28.01,50.00,0.78,97.00,3033076
50,1225,29.43,50.00,0.78,97.00,3173763
50,1225,5.18,50.00,1.00,95.88,4680476
50,1225,0.35,50.00,1.00,95.88,4680476
50,1225,0.35,50.00,1.00,95.88,4680476
50,1225,0.35,50.00,1.00,95.88,4680476
50,1225,0.35,50.00,2.52,95.39,2586357
50,1225,37.43,50.00,0.90,98.60,3251614
50,1225,11.54,50.00,2.52,95.39,2619257
50,1225,45.89,50.00,0.80,98.46,3816511
50,1225,15.55,50.00,1.45,97.13,3476840
50,1225,42.66,50.00,0.73,98.12,3308066
50,1225,29.97,50.00,0.93,97.59,3308469
50,1225,12.98,50.00,1.82,94.07,2065704
50,1225,7.36,50.00,1.82,94.07,2022212
50,1225,24.07,50.00,1.82,94.07,2037298
50,1225,7.98,50.00,1.89,91.92,3610294
50,1225,7.80,50.00,1.89,91.92,3610294
50,1225,7.80,50.00,1.89,91.92,3610294
50,1225,7.80,50.00,1.27,97.31,4245321
50,1225,44.96,50.00,0.90,99.16,2522269
50,1225,28.34,50.00,2.32,97.42,3454817
50,1225,49.08,50.00,0.15,99.93,2874184
50,1225,13.56,50.00,1.09,98.73,2441341
50,1225,11.70,50.00,1.09,98.73,2258231
50,1225,33.11,50.00,1.09,98.73,3067407
50,1225,41.34,50.00,1.32,98.53,2471842
50,1225,18.64,50.00,1.70,94.71,2785977
50,1225,1.92,50.00,2.27,94.71,3074464
50,1225,27.54,50.00,0.96,95.93,2322838
50,1225,3.27,50.00,0.96,95.93,2199544
50,1225,36.42,50.00,0.96,98.73,2461251
50,1225,31.84,50.00,0.96,97.32,2225106
50,1225,10.36,50.00,0.56,98.36,2890852
50,1225,30.62,50.00,0.56,98.36,3203379
50,1225,24.55,50.00,0.56,98.36,3303267
50,1225,6.32,50.00,0.25,96.39,3467198
50,1225,31.91,50.00,0.20,96.39,3292997
50,1225,47.05,50.00,0.20,99.63,3973350
50,1225,36.38,50.00,0.97,99.49,3885072
50,1225,24.85,50.00,1.82,99.49,3723185
50,1225,7.09,50.00,2.03,99.49,3907860
50,1225,27.42,50.00,1.82,99.49,4088779
50,1225,22.93,50.00,1.54,95.69,3995542
50,1225,33.77,50.00,2.53,98.21,4475792
50,1225,30.22,50.00,0.45,95.69,4583003
50,1225,19.42,50.00,3.16,98.09,2812760
50,1225,39.80,50.00,0.97,98.09,2064582
50,1225,6.88,50.00,3.16,98.09,2930526
50,1225,21.59,50.00,0.75,97.10,2919288
50,1225,3.13,50.00,0.75,96.58,2745765
50,1225,37.32,50.00,0.79,97.50,3237817
50,1225,9.55,50.00,2.64,99.05,3296004
50,1225,21.76,50.00,2.21,99.05,3050499
50,1225,49.86,50.00,0.13,99.95,2229447
50,1225,24.16,50.00,2.21,99.05,3022357
50,1225,22.07,50.00,0.95,95.14,2921592
50,1225,34.86,50.00,1.24,97.66,2968179
50,1225,8.32,50.00,0.95,94.80,3050031
50,1225,32.05,50.00,0.68,97.73,3252763
50,1225,36.44,50.00,0.68,98.52,3073935
50,1225,46.91,50.00,0.06,98.52,3463247
50,1225,24.68,50.00,0.68,97.73,3621912
50,1225,44.17,50.00,0.13,99.38,2606271
50,1225,4.24,50.00,0.73,93.78,2939205
50,1225,32.25,50.00,0.73,97.40,2460495
50,1225,32.86,50.00,0.72,96.87,3552808
50,1225,19.28,50.00,1.26,95.40,3407447
50,1225,18.60,50.00,1.26,95.40,3407447
50,1225,18.60,50.00,1.15,98.97,3546933
50,1225,43.77,50.00,0.47,99.54,3595566
50,1225,13.55,50.00,1.15,98.97,3464683
50,1225,44.62,50.00,1.41,98.98,3266054
50,1225,3.43,50.00,1.13,95.43,3284877
50,1225,4.39,50.00,1.13,98.12,3352335
50,1225,49.18,50.00,0.12,99.71,2895038
50,1225,7.74,50.00,0.97,97.26,3018331
50,1225,10.39,50.00,0.97,97.26,3018331
50,1225,10.39,50.00,0.97,97.26,3018331
50,1225,10.39,50.00,1.05,95.79,3720215
50,1225,24.76,50.00,0.62,95.79,3101040
50,1225,48.98,50.00,0.18,99.85,3103698
50,1225,45.08,50.00,0.28,99.70,3390633
50,1225,21.55,50.00,0.63,97.05,4061845
50,1225,36.90,50.00,0.28,99.42,2632351
50,1225,18.21,50.00,0.63,97.05,3935591
50,1225,45.12,50.00,0.37,99.75,3608514
50,1225,9.74,50.00,0.41,95.67,2778494
50,1225,35.06,50.00,1.80,98.67,2781810
50,1225,27.02,50.00,1.48,96.72,3462118
50,1225,29.05,50.00,1.48,96.72,3407687
50,1225,48.82,50.00,0.26,99.70,4585666
50,1225,37.90,50.00,0.73,98.45,4432068
50,1225,34.12,50.00,0.73,97.80,4022455
50,1225,32.69,50.00,0.73,97.80,4054611
50,1225,17.10,50.00,1.76,96.29,3967962
50,1225,2.50,50.00,1.45,92.39,3698054
50,1225,27.17,50.00,0.90,92.39,3934862
50,1225,5.75,50.00,1.45,92.39,3698054
50,1225,27.17,50.00,1.31,97.90,3287385
50,1225,2.58,50.00,3.44,97.90,3709443
50,1225,4.02,50.00,3.44,97.90,3475350
50,1225,30.08,50.00,1.31,97.90,3547398
50,1225,45.11,50.00,0.24,98.86,3091937
50,1225,46.92,50.00,0.77,98.86,2243582
50,1225,14.78,50.00,1.38,97.16,3498486
50,1225,36.21,50.00,0.19,98.66,4017170
50,1225,26.69,50.00,0.19,98.66,2914585
50,1225,5.44,50.00,1.42,98.66,3045811
50,1225,7.65,50.00,2.08,96.51,3566472
50,1225,3.57,50.00,2.08,96.51,3685922
50,1225,48.28,50.00,0.45,99.71,2994244
50,1225,35.60,50.00,1.14,98.21,2570424
50,1225,18.43,50.00,1.14,97.97,2209986
50,1225,25.39,50.00,1.14,97.97,2256484
50,1225,16.04,50.00,1.14,95.90,2392206
50,1225,29.92,50.00,1.55,96.00,4606388
50,1225,31.35,50.00,1.55,96.00,4558739
50,1225,3.78,50.00,0.63,93.91,4165603
50,1225,45.22,50.00,0.41,99.54,2943760
50,1225,16.67,50.00,1.24,98.48,2181559
50,1225,38.35,50.00,0.62,98.48,2940571
50,1225,24.59,50.00,0.76,97.82,2799580
50,1225,21.13,50.00,0.76,97.82,2789292
50,1225,5.23,50.00,0.76,95.91,3087155
50,1225,28.88,50.00,0.98,99.23,2904008
50,1225,48.26,50.00,0.63,99.65,3644463
50,1225,13.12,50.00,1.37,92.08,3590667
50,1225,27.15,50.00,1.37,92.87,2825894
50,1225,48.15,50.00,0.09,99.35,2385112
50,1225,31.28,50.00,0.59,95.38,3130158
50,1225,29.54,50.00,0.59,95.38,3075514
50,1225,17.36,50.00,1.99,98.67,2981420
50,1225,34.44,50.00,0.79,98.67,4127924
50,1225,39.22,50.00,1.57,99.05,3833963
50,1225,28.60,50.00,1.57,98.67,3805781
50,1225,39.00,50.00,0.84,96.16,2637539
50,1225,24.44,50.00,0.84,94.13,3147734
50,1225,12.44,50.00,1.00,92.14,2844447
50,1225,47.15,50.00,0.27,99.56,2614369
50,1225,8.16,50.00,1.80,97.30,2997161
50,1225,13.04,50.00,1.80,97.30,2846947
50,1225,35.48,50.00,0.71,98.32,4148514
50,1225,6.93,50.00,1.83,89.05,4456131
50,1225,19.03,50.00,1.83,90.22,4331276
50,1225,11.23,50.00,1.83,89.05,4456131
50,1225,19.03,50.00,0.85,97.20,2978032
50,1225,46.19,50.00,0.27,99.58,2687007
50,1225,45.66,50.00,0.27,99.57,2672467
50,1225,1.39,50.00,0.45,94.53,4243634
50,1225,21.31,50.00,0.45,94.53,4025906
50,1225,19.17,50.00,0.45,94.53,3772997
50,1225,42.54,50.00,0.62,99.47,3117398
50,1225,30.47,50.00,2.03,98.63,3243567
50,1225,47.89,50.00,0.48,99.47,2600562
50,1225,32.71,50.00,2.03,98.63,3213512
50,1225,9.29,50.00,1.80,96.93,3673330
50,1225,42.06,50.00,0.66,99.29,3257425
50,1225,44.30,50.00,0.72,99.29,2868960
50,1225,23.06,50.00,0.71,95.65,3078994
50,1225,47.01,50.00,0.57,99.46,3290847
50,1225,7.40,50.00,1.20,95.65,3142261
50,1225,11.54,50.00,1.16,96.66,4088156
50,1225,25.33,50.00,1.16,96.66,3510088
50,1225,28.60,50.00,1.16,96.66,3527335
50,1225,36.81,50.00,0.37,96.67,3347231
50,1225,14.25,50.00,1.20,95.62,3033500
50,1225,43.35,50.00,1.40,98.22,2976637
50,1225,3.42,50.00,1.20,95.62,3225056
50,1225,16.70,50.00,0.85,97.75,2889630
50,1225,41.31,50.00,0.48,98.97,2765325
50,1225,17.59,50.00,0.85,97.75,3012617
50,1225,49.75,50.00,0.16,99.91,2113423
50,1225,46.54,50.00,0.42,98.68,2598108
50,1225,43.32,50.00,0.42,98.68,2776416
50,1225,11.24,50.00,1.69,98.09,3155402
50,1225,2.30,50.00,1.73,96.89,3217430
50,1225,15.04,50.00,1.27,96.89,3319309
50,1225,27.18,50.00,1.27,97.37,3339755
50,1225,42.39,50.00,0.40,98.77,2267993
50,1225,11.19,50.00,0.40,95.48,3698657
50,1225,15.99,50.00,0.40,95.48,3700321
50,1225,21.37,50.00,0.40,95.48,3717241
50,1225,29.75,50.00,1.17,97.51,3811027
50,1225,24.98,50.00,1.17,97.51,3249328
50,1225,1.81,50.00,0.26,97.51,3032288
50,1225,45.39,50.00,0.41,99.59,3444672
50,1225,32.73,50.00,1.28,98.26,3152652
50,1225,17.19,50.00,1.05,98.26,3110079
50,1225,8.14,50.00,0.89,94.92,3678268
50,1225,45.84,50.00,0.67,99.91,2991013
50,1225,15.00,50.00,0.89,99.91,3444201
50,1225,9.17,50.00,0.93,99.11,2316674
50,1225,24.93,50.00,1.19,99.11,1647899
50,1225,44.59,50.00,0.46,99.11,1606475
50,1225,10.13,50.00,0.93,99.11,2316674
50,1225,24.93,50.00,0.54,99.04,3555489
50,1225,10.98,50.00,0.54,96.18,3408404
50,1225,47.56,50.00,1.00,99.46,2972106
50,1225,6.15,50.00,1.08,96.69,3593508
50,1225,13.08,50.00,1.08,97.07,3440024
50,1225,13.33,50.00,1.08,97.07,3498561
50,1225,13.23,50.00,1.77,94.87,2690773
50,1225,15.66,50.00,1.77,94.87,2666142
50,1225,2.75,50.00,1.77,94.87,2363502
50,1225,38.91,50.00,0.57,95.73,3194991
50,1225,49.05,50.00,0.10,99.74,4192422
50,1225,28.51,50.00,0.56,96.19,3655006
50,1225,5.96,50.00,1.02,96.19,4019296
50,1225,40.17,50.00,1.41,98.85,3641744
50,1225,5.60,50.00,1.56,96.49,2389177
50,1225,32.62,50.00,1.56,98.85,3220364
50,1225,15.37,50.00,1.89,98.06,2368428
50,1225,1.58,50.00,1.89,96.61,2278345
50,1225,40.31,50.00,0.99,98.80,2225064
50,1225,41.54,50.00,0.91,98.80,2152277
50,1225,21.56,50.00,1.48,95.57,2681953
50,1225,20.08,50.00,1.48,95.57,2266866
50,1225,16.26,50.00,1.48,95.57,2552348
50,1225,47.96,50.00,0.72,99.77,4084524
50,1225,41.62,50.00,0.48,98.40,2267398
50,1225,19.17,50.00,0.48,96.84,3077451
50,1225,25.96,50.00,1.14,97.54,2247165
50,1225,0.85,50.00,1.14,97.54,2180703
50,1225,0.62,50.00,1.14,97.54,2180703
50,1225,0.62,50.00,1.14,97.54,2180703
50,1225,0.62,50.00,2.06,96.89,3459098
50,1225,44.70,50.00,1.04,99.29,2476970
50,1225,23.78,50.00,2.17,98.23,3489470
50,1225,19.25,50.00,1.07,98.39,2254747
50,1225,4.31,50.00,1.07,98.39,2295456
50,1225,32.39,50.00,0.57,98.39,1918788
50,1225,42.76,50.00,0.30,98.39,4267711
50,1225,44.30,50.00,0.76,99.30,4338862
50,1225,29.24,50.00,0.35,97.46,2974328
50,1225,21.79,50.00,0.35,97.46,3334750
50,1225,10.80,50.00,1.33,98.94,2932101
50,1225,18.63,50.00,1.33,98.94,2986525
50,1225,12.57,50.00,1.33,98.94,2932101
50,1225,18.63,50.00,1.75,98.04,4246169
50,1225,28.62,50.00,1.75,98.04,3408975
50,1225,2.52,50.00,1.75,98.04,4200370
50,1225,21.18,50.00,1.75,98.04,4082163
50,1225,0.54,50.00,0.47,96.47,3035544
50,1225,17.28,50.00,0.47,96.47,2761247
50,1225,28.56,50.00,0.47,97.52,3337730
50,1225,29.26,50.00,0.32,97.58,3257013
50,1225,41.30,50.00,1.01,98.97,2613635
50,1225,3.30,50.00,0.32,97.58,3427936
50,1225,22.86,50.00,0.73,97.43,3583987
50,1225,8.35,50.00,0.73,97.19,3347619
50,1225,1.08,50.00,0.73,97.19,3324708
50,1225,31.90,50.00,0.73,97.51,3642560
50,1225,25.67,50.00,1.68,98.91,2321332
50,1225,10.90,50.00,1.68,97.51,2989217
50,1225,36.45,50.00,0.77,98.91,2536637
50,1225,3.14,50.00,2.06,96.26,3898785
50,1225,27.67,50.00,1.43,96.26,3462477
50,1225,34.73,50.00,1.40,96.26,3434580
50,1225,17.47,50.00,1.50,95.32,2736347
50,1225,43.88,50.00,0.66,98.72,2667984
50,1225,11.50,50.00,1.50,94.19,2462310
50,1225,45.52,50.00,0.66,99.21,2344768
50,1225,16.16,50.00,1.51,96.04,3689960
50,1225,1.40,50.00,1.51,96.04,3413674
50,1225,14.89,50.00,1.51,96.04,3606460
50,1225,29.86,50.00,1.39,98.18,2672349
50,1225,22.84,50.00,1.65,94.95,2631678
50,1225,40.10,50.00,0.42,98.23,3117981
50,1225,15.28,50.00,1.04,97.93,2840929
50,1225,40.40,50.00,1.65,98.92,2830062
50,1225,25.38,50.00,1.04,97.93,2671800
50,1225,12.44,50.00,2.90,98.37,3250275
50,1225,3.99,50.00,2.90,98.37,3250275
50,1225,3.99,50.00,2.90,98.37,3250275
50,1225,3.99,50.00,2.90,98.37,3250275
50,1225,3.99,50.00,2.82,97.98,3592570
50,1225,48.31,50.00,0.25,99.42,3521336
50,1225,13.04,50.00,0.84,97.98,3529023
50,1225,46.26,50.00,0.71,98.84,3539306
50,1225,17.83,50.00,0.83,95.67,3236380
50,1225,19.84,50.00,0.80,97.27,3120549
50,1225,8.67,50.00,0.83,95.67,3716603
50,1225,26.73,50.00,2.20,95.59,3437033
50,1225,30.16,50.00,2.20,95.90,3384956
50,1225,24.44,50.00,2.20,95.59,3431987
50,1225,34.49,50.00,1.18,97.83,3720878
50,1225,28.66,50.00,0.68,97.83,2844543
50,1225,32.19,50.00,1.23,97.83,3381964
50,1225,43.21,50.00,0.34,98.90,2149233
50,1225,7.36,50.00,0.51,95.67,3705015
50,1225,47.64,50.00,0.23,99.59,2898980
50,1225,44.33,50.00,0.25,98.43,3041941
50,1225,9.29,50.00,1.13,97.10,3160963
50,1225,18.12,50.00,1.13,97.67,3732855
50,1225,45.39,50.00,0.25,98.43,3155741
50,1225,28.01,50.00,1.70,99.23,3216422
50,1225,31.67,50.00,0.47,99.23,3281559
50,1225,44.37,50.00,1.39,99.32,3614286
50,1225,9.11,50.00,1.30,98.85,3185648
50,1225,16.67,50.00,1.30,98.85,3013326
50,1225,13.54,50.00,1.30,98.85,3079076
50,1225,10.26,50.00,2.07,98.05,3511363
50,1225,32.50,50.00,1.16,98.15,3390351
50,1225,7.22,50.00,2.07,98.05,3511363
50,1225,32.50,50.00,1.16,98.15,3390351
50,1225,7.22,50.00,1.50,98.91,2522709
50,1225,19.30,50.00,1.50,98.91,2504959
50,1225,44.64,50.00,1.05,98.91,2464222
50,1225,32.82,50.00,1.72,96.39,2744956
50,1225,28.70,50.00,1.76,96.39,2446823
50,1225,10.57,50.00,1.76,94.91,2535015
50,1225,3.92,50.00,0.75,95.03,3292739
50,1225,24.94,50.00,0.88,95.94,2545437
50,1225,13.18,50.00,0.75,95.03,2956751
50,1225,47.96,50.00,0.22,99.77,3287219
50,1225,32.65,50.00,0.40,99.09,3510923
50,1225,41.80,50.00,0.66,99.09,3016495
50,1225,40.50,50.00,0.40,99.09,3299950
50,1225,49.01,50.00,0.36,99.89,2961104
50,1225,24.83,50.00,2.23,97.73,2575367
50,1225,44.36,50.00,0.36,99.10,2895431
50,1225,20.49,50.00,2.45,97.73,2409547
50,1225,37.80,50.00,0.48,99.16,3318636
50,1225,47.50,50.00,0.50,99.86,3160619
50,1225,32.69,50.00,0.48,98.02,3463397
50,1225,18.81,50.00,1.32,96.16,2701786
50,1225,14.99,50.00,1.32,96.16,2485146
50,1225,41.49,50.00,0.13,99.67,3346786
50,1225,22.10,50.00,0.74,93.18,3698749
50,1225,33.28,50.00,0.85,93.39,2703730
50,1225,17.82,50.00,0.74,93.18,3592641
50,1225,1.41,50.00,0.74,90.43,3674506
50,1225,12.65,50.00,0.91,96.02,3237067
50,1225,4.85,50.00,0.91,96.02,3210778
50,1225,31.32,50.00,0.78,96.15,3780276
50,1225,16.34,50.00,1.32,99.45,3188401
50,1225,40.00,50.00,0.46,99.45,2872876
50,1225,15.90,50.00,1.32,99.45,3188401
50,1225,40.00,50.00,0.24,98.28,2967335
50,1225,12.80,50.00,0.52,96.62,2852123
50,1225,20.93,50.00,0.52,97.23,3017291
50,1225,33.24,50.00,0.24,97.23,2800458
50,1225,20.58,50.00,1.62,94.41,3014005
50,1225,48.25,50.00,0.65,99.78,2970494
50,1225,2.29,50.00,1.62,93.12,2685458
50,1225,38.90,50.00,0.31,99.48,3230323
50,1225,9.71,50.00,1.64,95.63,4141398
50,1225,28.01,50.00,1.35,96.40,3467827
50,1225,21.51,50.00,1.21,94.82,3351041
50,1225,48.02,50.00,0.56,99.40,2556921
50,1225,11.99,50.00,1.21,94.82,2867088
50,1225,31.92,50.00,1.21,96.67,3370719
50,1225,42.39,50.00,1.56,97.43,2875142
50,1225,25.63,50.00,0.39,93.16,3088841
50,1225,47.35,50.00,0.39,99.42,3300132
50,1225,7.78,50.00,1.48,99.57,3357378
50,1225,26.27,50.00,1.48,99.57,2868361
50,1225,43.20,50.00,0.88,99.57,3371111
50,1225,4.02,50.00,0.99,96.30,3288246
50,1225,12.47,50.00,0.99,96.30,3308408
50,1225,17.54,50.00,0.99,96.30,3298202
50,1225,35.77,50.00,0.99,98.81,2239520
50,1225,48.51,50.00,0.19,99.64,2720370
50,1225,5.12,50.00,1.04,95.60,3000278
50,1225,7.46,50.00,1.04,95.60,3000278
50,1225,7.46,50.00,0.93,92.26,2630811
50,1225,42.73,50.00,0.83,98.96,3294352
50,1225,18.47,50.00,0.93,98.58,2910383
50,1225,39.88,50.00,0.88,99.30,4312882
50,1225,34.34,50.00,0.92,99.30,4079368
50,1225,39.46,50.00,0.88,99.30,4014240
50,1225,25.97,50.00,0.95,99.18,3401720
50,1225,3.03,50.00,2.60,93.96,2161026
50,1225,24.24,50.00,0.81,93.96,2341961
50,1225,49.01,50.00,0.22,99.71,3099346
50,1225,13.17,50.00,0.84,96.15,3454390
50,1225,4.33,50.00,0.84,96.15,3314271
50,1225,8.12,50.00,0.84,96.15,3251034
50,1225,37.38,50.00,0.83,98.44,4204749
50,1225,19.21,50.00,0.60,94.76,3693047
50,1225,35.28,50.00,0.60,97.38,4032989
50,1225,6.44,50.00,0.60,94.76,3828465
50,1225,26.50,50.00,0.60,97.38,3797472
50,1225,44.97,50.00,0.52,99.33,3373491
50,1225,43.86,50.00,0.55,98.92,3230107
50,1225,9.00,50.00,1.09,96.36,4084823
50,1225,44.78,50.00,0.61,99.25,3635928
50,1225,13.23,50.00,0.86,99.25,3022259
50,1225,14.60,50.00,0.86,99.25,3101888
50,1225,47.99,50.00,0.56,99.61,3160740
50,1225,38.75,50.00,1.64,95.95,2814159
50,1225,33.02,50.00,1.64,95.95,2866150
50,1225,26.92,50.00,2.26,95.05,3142511
50,1225,12.16,50.00,1.62,95.05,3744649
50,1225,23.66,50.00,0.86,96.47,3250953
50,1225,35.89,50.00,0.86,96.47,3494790
50,1225,21.45,50.00,0.86,96.47,3250953
50,1225,35.89,50.00,0.86,96.47,3494790
50,1225,21.45,50.00,0.76,98.98,3285057
50,1225,3.24,50.00,0.76,98.98,2382542
50,1225,32.49,50.00,2.00,98.98,3001507
50,1225,17.97,50.00,0.58,99.12,3484772
50,1225,23.98,50.00,0.51,99.12,3693275
50,1225,44.64,50.00,1.01,99.34,2883040
50,1225,15.98,50.00,0.58,99.12,3505547
50,1225,7.98,50.00,0.23,95.82,2421114
50,1225,35.81,50.00,0.34,98.47,2212906
50,1225,18.85,50.00,0.23,95.83,1988512
50,1225,6.30,50.00,0.23,95.82,2421114
50,1225,35.81,50.00,1.46,99.29,1671154
50,1225,46.81,50.00,0.35,99.29,2844091
50,1225,3.75,50.00,0.92,99.29,2915441
50,1225,23.90,50.00,0.92,99.29,2056895
50,1225,28.90,50.00,1.16,99.06,2904083
50,1225,25.38,50.00,1.16,97.23,2969619
50,1225,0.63,50.00,1.16,96.10,3561882
50,1225,41.39,50.00,0.37,99.06,3337655
50,1225,49.44,50.00,0.16,99.92,2855716
50,1225,45.99,50.00,0.69,99.87,2903539
50,1225,25.58,50.00,0.99,96.54,2696146
50,1225,14.18,50.00,0.99,96.54,2228186
50,1225,23.76,50.00,1.50,99.08,2960425
50,1225,31.66,50.00,0.15,99.08,2846847
50,1225,17.35,50.00,1.82,99.08,2817016
50,1225,16.76,50.00,1.22,97.40,2499378
50,1225,47.75,50.00,0.39,99.24,2881827
50,1225,46.03,50.00,1.15,99.15,4284017
50,1225,21.65,50.00,1.22,97.40,2469045
50,1225,1.92,50.00,0.80,94.00,3854665
50,1225,27.14,50.00,0.80,97.37,3775093
50,1225,13.91,50.00,0.80,94.00,3650960
50,1225,40.38,50.00,1.00,97.79,2913385
50,1225,1.48,50.00,1.41,95.33,2116622
50,1225,11.94,50.00,1.52,95.33,1804725
50,1225,44.84,50.00,0.42,98.83,2161966
50,1225,18.57,50.00,0.42,95.72,2271155
50,1225,13.45,50.00,1.14,96.23,2576921
50,1225,13.68,50.00,1.14,96.23,2576921
50,1225,13.68,50.00,1.14,96.23,2576921
50,1225,13.68,50.00,1.14,96.23,2576921
50,1225,13.68,50.00,0.71,97.24,2805134
50,1225,26.64,50.00,0.71,97.24,2970342
50,1225,42.39,50.00,0.81,98.29,3569168
50,1225,30.55,50.00,0.71,97.24,3360669
50,1225,30.06,50.00,0.63,98.41,3638610
50,1225,40.17,50.00,0.57,98.60,3102258
50,1225,1.15,50.00,1.39,97.50,3469850
50,1225,39.59,50.00,0.72,97.24,3830039
50,1225,32.24,50.00,0.72,96.39,4090967
50,1225,1.18,50.00,1.81,96.39,3099933
50,1225,49.67,50.00,0.26,99.90,3196498
50,1225,6.32,50.00,1.15,97.22,3505461
50,1225,39.69,50.00,0.60,99.52,3310145
50,1225,2.67,50.00,1.15,97.22,3505461
50,1225,39.69,50.00,0.60,99.52,3310145
50,1225,2.67,50.00,2.36,97.47,5032125
50,1225,0.94,50.00,2.36,97.47,5032125
50,1225,0.94,50.00,2.36,97.47,5032125
50,1225,0.94,50.00,2.36,97.47,5032125
50,1225,0.94,50.00,0.59,94.27,3247776
50,1225,32.97,50.00,0.89,98.08,3962496
50,1225,3.35,50.00,0.59,94.27,3247776
50,1225,32.97,50.00,0.89,98.08,3962496
50,1225,3.35,50.00,1.46,94.91,3434793
50,1225,21.39,50.00,1.84,94.91,3258847
50,1225,34.50,50.00,0.92,95.88,3280177
50,1225,17.05,50.00,0.23,96.05,3128795
50,1225,12.81,50.00,0.23,96.05,3014566
50,1225,36.12,50.00,1.19,98.54,3594184
50,1225,9.17,50.00,0.23,96.05,3057751
50,1225,21.01,50.00,1.07,95.84,3034074
50,1225,29.61,50.00,1.07,95.84,3125179
50,1225,4.46,50.00,1.07,95.84,3125008
50,1225,36.52,50.00,0.85,96.95,2768714
50,1225,21.70,50.00,1.14,94.68,3829253
50,1225,41.85,50.00,0.93,98.83,3834270
50,1225,12.55,50.00,1.14,94.68,4055004
50,1225,38.41,50.00,1.21,96.99,4542346
50,1225,45.39,50.00,0.24,99.46,2486912
50,1225,49.03,50.00,0.13,99.75,2878094
50,1225,30.52,50.00,0.24,95.29,2947208
50,1225,36.53,50.00,0.24,96.89,2475429
50,1225,33.22,50.00,1.42,98.17,2988676
50,1225,16.43,50.00,0.79,95.97,3295143
50,1225,29.82,50.00,0.79,96.72,3459859
50,1225,38.17,50.00,1.02,98.78,3827122
50,1225,5.85,50.00,1.57,95.01,2863903
50,1225,9.96,50.00,1.57,95.52,2796396
50,1225,27.37,50.00,1.33,98.78,2613917
50,1225,29.11,50.00,2.22,98.15,1982163
50,1225,20.66,50.00,1.93,94.64,2265475
50,1225,37.18,50.00,0.62,98.32,2571091
50,1225,3.95,50.00,2.33,93.93,2168491
50,1225,13.73,50.00,1.47,97.34,2639771
50,1225,40.62,50.00,0.41,99.52,2588942
50,1225,48.70,50.00,0.64,99.53,3481735
50,1225,29.69,50.00,0.90,99.21,2379878
50,1225,36.94,50.00,0.48,98.16,3432555
50,1225,30.45,50.00,1.60,97.57,3629039
50,1225,2.49,50.00,1.91,97.57,3473143
50,1225,7.67,50.00,2.20,94.48,2548748
50,1225,30.05,50.00,1.47,97.36,2721141
50,1225,20.99,50.00,2.20,97.36,2646811
50,1225,35.98,50.00,0.81,97.36,3125546
50,1225,12.36,50.00,1.73,98.76,3601056
50,1225,29.08,50.00,1.73,98.76,3746268
50,1225,23.08,50.00,1.73,98.76,3637379
50,1225,43.33,50.00,0.97,98.76,3826677
50,1225,2.50,50.00,1.97,98.29,2968655
50,1225,32.17,50.00,0.87,98.29,3849087
50,1225,25.41,50.00,1.97,98.29,4110659
50,1225,2.43,50.00,1.97,98.29,2968655
50,1225,32.17,50.00,1.41,96.34,2852331
50,1225,2.32,50.00,0.78,94.51,3800390
50,1225,35.45,50.00,1.41,96.34,2726946
50,1225,15.22,50.00,0.78,94.51,3245012
50,1225,13.54,50.00,2.15,94.79,3892823
50,1225,44.93,50.00,0.16,98.36,3243287
50,1225,23.82,50.00,2.05,94.79,3719995
50,1225,43.27,50.00,0.75,99.37,3711454
50,1225,16.49,50.00,1.10,99.37,3750714
50,1225,13.65,50.00,1.10,97.66,3748123
50,1225,11.39,50.00,1.10,97.66,3748123
50,1225,11.39,50.00,0.95,98.49,2805605
50,1225,33.81,50.00,0.95,98.49,3668996
50,1225,31.39,50.00,0.95,98.49,3683448
50,1225,22.78,50.00,0.95,98.49,3528803
50,1225,35.30,50.00,1.87,96.92,3355910
50,1225,36.78,50.00,1.87,96.92,3271125
50,1225,12.66,50.00,2.61,96.20,2947539
50,1225,30.26,50.00,1.41,96.20,3563770
50,1225,40.53,50.00,0.39,97.58,2827896
50,1225,39.13,50.00,0.39,97.58,3047273
50,1225,16.53,50.00,1.12,94.65,3032504
50,1225,24.63,50.00,1.12,94.65,3078666
50,1225,41.03,50.00,0.56,99.34,3824347
50,1225,2.13,50.00,1.69,89.36,2345154
50,1225,42.47,50.00,1.14,99.34,3731353
50,1225,25.75,50.00,1.69,99.34,2305593
50,1225,31.05,50.00,1.11,97.91,2688979
50,1225,37.49,50.00,1.11,98.57,2764155
50,1225,33.29,50.00,1.11,98.57,2734371
50,1225,13.44,50.00,1.11,95.52,2175294
50,1225,46.45,50.00,0.60,99.33,2786596
50,1225,25.82,50.00,1.00,96.83,3626409
50,1225,48.20,50.00,0.33,99.56,2697564
50,1225,15.25,50.00,0.80,89.84,3483445
50,1225,48.12,50.00,0.53,99.76,3024893
50,1225,26.11,50.00,0.80,98.54,3434139
50,1225,28.94,50.00,0.54,98.54,2981114
50,1225,10.62,50.00,1.75,92.67,2980974
50,1225,24.83,50.00,1.15,95.02,3145196
50,1225,37.14,50.00,1.15,95.92,3485594
50,1225,21.15,50.00,1.15,94.26,3185581
50,1225,49.66,50.00,0.12,99.92,3777982
50,1225,6.89,50.00,0.28,98.71,2856058
50,1225,7.77,50.00,0.28,98.71,2856058
50,1225,7.77,50.00,0.28,98.71,2856058
50,1225,7.77,50.00,1.21,96.42,3480090
50,1225,23.66,50.00,1.36,98.37,3224348
50,1225,25.27,50.00,1.36,98.37,3317127
50,1225,41.21,50.00,0.88,99.65,3179969
50,1225,31.99,50.00,0.38,98.91,2362716
50,1225,33.57,50.00,0.38,98.91,2540902
50,1225,34.18,50.00,0.38,98.91,2782397
50,1225,2.09,50.00,0.95,95.89,3607170
50,1225,39.63,50.00,0.43,98.65,2987856
50,1225,8.96,50.00,0.95,95.89,3954949
50,1225,12.08,50.00,0.95,95.89,3866785
50,1225,22.70,50.00,1.19,97.87,2054516
50,1225,17.20,50.00,1.19,97.87,2353642
50,1225,10.56,50.00,1.19,97.30,1836340
50,1225,27.85,50.00,1.19,97.87,2294757
50,1225,22.40,50.00,1.86,96.96,3562011
50,1225,32.07,50.00,1.86,96.96,3012752
50,1225,43.86,50.00,0.83,98.57,2406569
50,1225,41.04,50.00,1.91,98.57,3086431
50,1225,10.25,50.00,1.36,95.21,3114132
50,1225,45.23,50.00,0.20,98.93,2603059
50,1225,43.63,50.00,0.20,98.59,2457058
50,1225,15.78,50.00,1.36,95.21,3027225
50,1225,15.49,50.00,0.50,98.79,2555326
50,1225,8.01,50.00,0.50,98.79,2555326
50,1225,8.01,50.00,0.50,98.79,2555326
50,1225,8.01,50.00,2.05,96.96,3561220
50,1225,8.28,50.00,2.05,96.96,3561220
50,1225,8.28,50.00,2.05,96.96,3561220
50,1225,8.28,50.00,2.05,96.96,3561220
50,1225,8.28,50.00,1.06,94.91,3371678
50,1225,9.13,50.00,1.06,94.91,3371678
50,1225,9.13,50.00,1.06,94.91,3371678
50,1225,9.13,50.00,1.06,94.91,3371678
50,1225,9.13,50.00,0.53,96.98,2786893
50,1225,34.55,50.00,0.53,98.82,3030177
50,1225,5.29,50.00,0.53,96.98,2786893
50,1225,34.55,50.00,0.53,98.82,3030177
50,1225,5.29,50.00,2.13,97.68,2388570
50,1225,43.68,50.00,0.88,99.04,3909842
50,1225,22.37,50.00,1.10,97.68,2418199
50,1225,41.11,50.00,0.88,98.34,3377941
50,1225,10.78,50.00,0.45,92.97,2816383
50,1225,3.55,50.00,0.45,92.97,2753808
50,1225,13.60,50.00,0.45,92.97,2922569
50,1225,44.11,50.00,0.69,97.75,3979876
50,1225,44.97,50.00,0.69,97.75,3693661
50,1225,26.17,50.00,1.24,93.52,3557533
50,1225,21.72,50.00,1.24,93.52,3486898
50,1225,14.68,50.00,0.96,94.74,2578236
50,1225,36.51,50.00,1.17,99.24,3788707
50,1225,48.39,50.00,0.80,99.80,2905560
50,1225,17.66,50.00,0.96,94.74,2638439
50,1225,12.20,50.00,0.69,97.83,3505322
50,1225,44.83,50.00,0.22,99.58,3121240
50,1225,22.18,50.00,0.69,97.83,3606441
50,1225,33.86,50.00,0.69,97.83,4190148
50,1225,16.52,50.00,1.08,98.27,3220699
50,1225,6.21,50.00,1.08,98.27,3182595
50,1225,49.39,50.00,0.03,99.93,3117762
50,1225,43.58,50.00,0.98,99.58,4019491
50,1225,20.39,50.00,0.93,91.36,1911464
50,1225,8.41,50.00,0.93,91.36,2160307
50,1225,43.51,50.00,0.29,99.22,2562730
50,1225,29.48,50.00,2.10,95.86,2359127
50,1225,30.26,50.00,1.41,95.86,2251901
50,1225,27.13,50.00,2.07,95.86,2285450
50,1225,31.48,50.00,1.41,95.86,2152493
50,1225,29.73,50.00,1.44,96.16,4006250
50,1225,7.17,50.00,1.44,96.16,3810968
50,1225,44.26,50.00,0.14,98.25,3961900
50,1225,4.41,50.00,1.44,96.16,3810968
50,1225,44.26,50.00,0.32,98.76,3330838
50,1225,17.75,50.00,1.25,95.17,3212447
50,1225,37.18,50.00,0.44,97.22,2860624
50,1225,28.11,50.00,0.77,97.22,2810050
50,1225,31.26,50.00,0.24,95.53,2694820
50,1225,19.31,50.00,0.90,95.53,3339143
50,1225,47.66,50.00,1.08,99.55,3551982
50,1225,49.19,50.00,0.38,99.68,2936946
50,1225,21.04,50.00,1.30,96.83,2218314
50,1225,4.99,50.00,3.49,96.83,2207204
50,1225,32.06,50.00,1.30,99.12,2242782
50,1225,33.03,50.00,1.30,99.12,2320991
50,1225,46.60,50.00,0.69,99.81,3099605
50,1225,48.45,50.00,0.42,99.81,2598620
50,1225,24.24,50.00,1.07,95.40,2875531
50,1225,23.64,50.00,1.95,96.31,3635650
50,1225,48.40,50.00,0.56,99.54,3341541
50,1225,43.53,50.00,1.31,99.32,2268085
50,1225,34.51,50.00,1.40,96.31,3497525
50,1225,38.77,50.00,1.47,97.91,2799675
50,1225,3.24,50.00,1.97,97.19,2558406
50,1225,48.67,50.00,0.41,99.61,2532272
50,1225,34.46,50.00,1.01,97.19,2423191
50,1225,30.44,50.00,1.57,97.46,3532617
50,1225,19.76,50.00,1.57,97.42,3465065
50,1225,45.59,50.00,0.25,98.98,2511190
50,1225,43.37,50.00,1.00,98.98,3125523
50,1225,20.06,50.00,1.75,96.84,2907635
50,1225,10.23,50.00,1.75,96.84,3440580
50,1225,10.23,50.00,1.75,96.84,3440580
50,1225,10.23,50.00,1.75,96.84,3440580
50,1225,10.23,50.00,2.07,95.67,3166882
50,1225,1.15,50.00,2.92,95.67,3285211
50,1225,9.05,50.00,2.07,95.67,3166882
50,1225,1.15,50.00,0.54,97.48,3384678
50,1225,26.11,50.00,0.54,97.48,3646762
50,1225,44.16,50.00,0.28,99.61,3915482
50,1225,23.42,50.00,0.54,97.48,3726848
50,1225,29.18,50.00,0.23,97.41,3781795
50,1225,43.22,50.00,0.23,98.40,3331627
50,1225,30.82,50.00,0.23,97.41,3827605
50,1225,45.73,50.00,1.11,98.84,3439547
50,1225,6.14,50.00,1.05,98.47,2871243
50,1225,39.97,50.00,0.87,98.99,3904903
50,1225,41.73,50.00,1.05,98.99,3766719
50,1225,46.45,50.00,0.51,99.13,3795848
50,1225,28.98,50.00,0.58,98.99,3347351
50,1225,45.49,50.00,0.35,99.33,3367351
50,1225,45.10,50.00,0.35,99.33,3758810
50,1225,23.11,50.00,0.85,98.80,2188597
50,1225,32.24,50.00,0.85,98.80,1718247
50,1225,18.35,50.00,1.00,98.80,2574458
50,1225,6.51,50.00,1.00,98.80,2691202
50,1225,32.44,50.00,0.96,96.18,1892978
50,1225,24.98,50.00,0.96,95.60,1641794
50,1225,0.28,50.00,0.96,95.60,1667946
50,1225,12.56,50.00,0.96,95.60,1528102
50,1225,12.09,50.00,2.86,95.12,2439400
50,1225,20.40,50.00,1.63,97.45,2499636
50,1225,4.35,50.00,2.86,93.22,2281522
50,1225,39.12,50.00,0.33,97.82,1525040
50,1225,2.41,50.00,1.56,98.03,2736901
50,1225,0.66,50.00,1.56,98.03,2736901
50,1225,0.66,50.00,1.56,98.03,2736901
50,1225,0.66,50.00,1.56,98.03,2736901
50,1225,0.66,50.00,1.73,99.32,2771463
50,1225,31.92,50.00,0.45,99.32,3230714
50,1225,28.70,50.00,0.45,99.32,2931860
50,1225,25.21,50.00,1.28,98.31,3247357
50,1225,39.95,50.00,0.83,99.18,3152973
50,1225,20.09,50.00,1.28,98.22,3260600
50,1225,30.31,50.00,1.17,98.31,3272287
50,1225,31.48,50.00,0.82,97.39,2607161
50,1225,10.84,50.00,0.82,96.22,3315302
50,1225,10.98,50.00,0.82,96.22,3315302
50,1225,10.98,50.00,0.82,96.22,3315302
50,1225,10.98,50.00,0.62,97.39,3003745
50,1225,47.56,50.00,0.98,99.69,3152462
50,1225,48.19,50.00,0.77,99.71,3408775
50,1225,39.39,50.00,1.68,99.00,2790359
50,1225,19.15,50.00,0.62,98.14,3994630
50,1225,47.83,50.00,0.45,99.79,3460951
50,1225,47.06,50.00,0.45,99.79,3406557
50,1225,40.21,50.00,0.62,98.84,3757928
50,1225,14.11,50.00,0.83,96.24,4297556
50,1225,14.38,50.00,0.83,96.24,4297556
50,1225,14.38,50.00,0.83,96.24,4297556
50,1225,14.38,50.00,1.60,97.13,3447434
50,1225,26.20,50.00,1.35,97.13,3227295
50,1225,33.63,50.00,1.35,97.13,3833410
50,1225,39.67,50.00,0.99,98.94,3574597
50,1225,48.87,50.00,0.25,99.84,2574269