nodes,edges,inner radius,outer radius,minimum distance,maximum distance,crossings
50,1225,0.00,50.00,0.89,96.35,155017
50,1225,0.00,50.00,0.89,96.35,155017
50,1225,0.00,50.00,1.87,97.52,160187
50,1225,0.00,50.00,1.87,97.52,160187
50,1225,0.00,50.00,1.87,97.52,160187
50,1225,0.00,50.00,1.87,97.52,160187
50,1225,0.00,50.00,2.54,98.31,167275
50,1225,0.00,50.00,2.54,98.31,167275
50,1225,0.00,50.00,2.54,98.31,167275
50,1225,0.00,50.00,2.54,98.31,167275
50,1225,0.00,50.00,2.54,98.31,167275
50,1225,0.00,50.00,1.88,96.70,153173
50,1225,0.00,50.00,1.88,96.70,153173
50,1225,0.00,50.00,1.88,96.70,153173
50,1225,0.00,50.00,1.88,96.70,153173
50,1225,0.00,50.00,3.28,95.93,155127
50,1225,0.00,50.00,3.28,95.93,155127
50,1225,0.00,50.00,3.28,95.93,155127
50,1225,0.00,50.00,3.28,95.93,155127
50,1225,0.00,50.00,0.26,95.23,163871
50,1225,0.00,50.00,0.26,95.23,163871
50,1225,0.00,50.00,0.26,95.23,163871
50,1225,0.00,50.00,0.26,95.23,163871
50,1225,0.00,50.00,1.32,98.76,166312
50,1225,0.00,50.00,1.32,98.76,166312
50,1225,0.00,50.00,1.32,98.76,166312
50,1225,0.00,50.00,1.32,98.76,166312
50,1225,0.00,50.00,1.32,98.76,166312
50,1225,0.00,50.00,1.44,98.75,164563
50,1225,0.00,50.00,1.44,98.75,164563
50,1225,0.00,50.00,1.44,98.75,164563
50,1225,0.00,50.00,1.44,98.75,164563
50,1225,0.00,50.00,0.96,96.81,168047
50,1225,0.00,50.00,0.96,96.81,168047
50,1225,0.00,50.00,0.96,96.81,168047
50,1225,0.00,50.00,0.96,96.81,168047
50,1225,0.00,50.00,1.94,97.87,155244
50,1225,0.00,50.00,1.94,97.87,155244
50,1225,0.00,50.00,1.94,97.87,155244
50,1225,0.00,50.00,1.94,97.87,155244
50,1225,0.00,50.00,1.55,99.05,157024
50,1225,0.00,50.00,1.55,99.05,157024
50,1225,0.00,50.00,1.55,99.05,157024
50,1225,0.00,50.00,1.55,99.05,157024
50,1225,0.00,50.00,1.55,99.05,157024
50,1225,0.00,50.00,0.10,97.37,161443
50,1225,0.00,50.00,0.10,97.37,161443
50,1225,0.00,50.00,0.10,97.37,161443
50,1225,0.00,50.00,0.10,97.37,161443
50,1225,0.00,50.00,1.87,94.94,158621
50,1225,0.00,50.00,1.87,94.94,158621
50,1225,0.00,50.00,1.87,94.94,158621
50,1225,0.00,50.00,1.87,94.94,158621
50,1225,0.00,50.00,1.18,96.69,158644
50,1225,0.00,50.00,1.18,96.69,158644
50,1225,0.00,50.00,1.18,96.69,158644
50,1225,0.00,50.00,1.18,96.69,158644
50,1225,0.00,50.00,1.18,96.69,158644
50,1225,0.00,50.00,2.11,96.70,167618
50,1225,0.00,50.00,2.11,96.70,167618
50,1225,0.00,50.00,2.11,96.70,167618
50,1225,0.00,50.00,2.11,96.70,167618
50,1225,0.00,50.00,0.54,94.69,162339
50,1225,0.00,50.00,0.54,94.69,162339
50,1225,0.00,50.00,0.54,94.69,162339
50,1225,0.00,50.00,0.54,94.69,162339
50,1225,0.00,50.00,0.86,97.16,162403
50,1225,0.00,50.00,0.86,97.16,162403
50,1225,0.00,50.00,0.86,97.16,162403
50,1225,0.00,50.00,0.86,97.16,162403
50,1225,0.00,50.00,2.20,95.21,166522
50,1225,0.00,50.00,2.20,95.21,166522
50,1225,0.00,50.00,2.20,95.21,166522
50,1225,0.00,50.00,2.20,95.21,166522
50,1225,0.00,50.00,2.20,95.21,166522
50,1225,0.00,50.00,0.47,98.03,161815
50,1225,0.00,50.00,0.47,98.03,161815
50,1225,0.00,50.00,0.47,98.03,161815
50,1225,0.00,50.00,0.47,98.03,161815
50,1225,0.00,50.00,1.07,96.28,158042
50,1225,0.00,50.00,1.07,96.28,158042
50,1225,0.00,50.00,1.07,96.28,158042
50,1225,0.00,50.00,1.07,96.28,158042
50,1225,0.00,50.00,1.27,94.14,164328
50,1225,0.00,50.00,1.27,94.14,164328
50,1225,0.00,50.00,1.27,94.14,164328
50,1225,0.00,50.00,1.27,94.14,164328
50,1225,0.00,50.00,0.14,97.52,163035
50,1225,0.00,50.00,0.14,97.52,163035
50,1225,0.00,50.00,0.14,97.52,163035
50,1225,0.00,50.00,0.14,97.52,163035
50,1225,0.00,50.00,0.14,97.52,163035
50,1225,0.00,50.00,1.06,95.44,159597
50,1225,0.00,50.00,1.06,95.44,159597
50,1225,0.00,50.00,1.06,95.44,159597
50,1225,0.00,50.00,1.06,95.44,159597
50,1225,0.00,50.00,1.85,97.77,156728
50,1225,0.00,50.00,1.85,97.77,156728
50,1225,0.00,50.00,1.85,97.77,156728
50,1225,0.00,50.00,1.85,97.77,156728
50,1225,0.00,50.00,0.36,95.73,162597
50,1225,0.00,50.00,0.36,95.73,162597
50,1225,0.00,50.00,0.36,95.73,162597
50,1225,0.00,50.00,0.36,95.73,162597
50,1225,0.00,50.00,0.36,95.73,162597
50,1225,0.00,50.00,2.23,98.62,161958
50,1225,0.00,50.00,2.23,98.62,161958
50,1225,0.00,50.00,2.23,98.62,161958
50,1225,0.00,50.00,2.23,98.62,161958
50,1225,0.00,50.00,1.67,98.22,163189
50,1225,0.00,50.00,1.67,98.22,163189
50,1225,0.00,50.00,1.67,98.22,163189
50,1225,0.00,50.00,1.67,98.22,163189
50,1225,0.00,50.00,0.47,98.82,162022
50,1225,0.00,50.00,0.47,98.82,162022
50,1225,0.00,50.00,0.47,98.82,162022
50,1225,0.00,50.00,0.47,98.82,162022
50,1225,0.00,50.00,0.42,98.83,160106
50,1225,0.00,50.00,0.42,98.83,160106
50,1225,0.00,50.00,0.42,98.83,160106
50,1225,0.00,50.00,0.42,98.83,160106
50,1225,0.00,50.00,1.06,97.28,168780
50,1225,0.00,50.00,1.06,97.28,168780
50,1225,0.00,50.00,1.06,97.28,168780
50,1225,0.00,50.00,1.06,97.28,168780
50,1225,0.00,50.00,1.45,96.36,156321
50,1225,0.00,50.00,1.45,96.36,156321
50,1225,0.00,50.00,1.45,96.36,156321
50,1225,0.00,50.00,1.45,96.36,156321
50,1225,0.00,50.00,0.95,97.88,154401
50,1225,0.00,50.00,0.95,97.88,154401
50,1225,0.00,50.00,0.95,97.88,154401
50,1225,0.00,50.00,0.95,97.88,154401
50,1225,0.00,50.00,1.40,99.52,155642
50,1225,0.00,50.00,1.40,99.52,155642
50,1225,0.00,50.00,1.40,99.52,155642
50,1225,0.00,50.00,1.40,99.52,155642
50,1225,0.00,50.00,1.06,98.69,161401
50,1225,0.00,50.00,1.06,98.69,161401
50,1225,0.00,50.00,1.06,98.69,161401
50,1225,0.00,50.00,1.06,98.69,161401
50,1225,0.00,50.00,2.26,95.80,159281
50,1225,0.00,50.00,2.26,95.80,159281
50,1225,0.00,50.00,2.26,95.80,159281
50,1225,0.00,50.00,2.26,95.80,159281
50,1225,0.00,50.00,0.46,93.26,164429
50,1225,0.00,50.00,0.46,93.26,164429
50,1225,0.00,50.00,0.46,93.26,164429
50,1225,0.00,50.00,0.46,93.26,164429
50,1225,0.00,50.00,1.14,98.40,154497
50,1225,0.00,50.00,1.14,98.40,154497
50,1225,0.00,50.00,1.14,98.40,154497
50,1225,0.00,50.00,1.14,98.40,154497
50,1225,0.00,50.00,1.14,98.40,154497
50,1225,0.00,50.00,1.11,97.55,170625
50,1225,0.00,50.00,1.11,97.55,170625
50,1225,0.00,50.00,1.11,97.55,170625
50,1225,0.00,50.00,1.11,97.55,170625
50,1225,0.00,50.00,1.04,99.42,163424
50,1225,0.00,50.00,1.04,99.42,163424
50,1225,0.00,50.00,1.04,99.42,163424
50,1225,0.00,50.00,1.04,99.42,163424
50,1225,0.00,50.00,1.16,96.09,166224
50,1225,0.00,50.00,1.16,96.09,166224
50,1225,0.00,50.00,1.16,96.09,166224
50,1225,0.00,50.00,1.16,96.09,166224
50,1225,0.00,50.00,0.66,96.11,155916
50,1225,0.00,50.00,0.66,96.11,155916
50,1225,0.00,50.00,0.66,96.11,155916
50,1225,0.00,50.00,0.66,96.11,155916
50,1225,0.00,50.00,1.30,98.13,162887
50,1225,0.00,50.00,1.30,98.13,162887
50,1225,0.00,50.00,1.30,98.13,162887
50,1225,0.00,50.00,1.30,98.13,162887
50,1225,0.00,50.00,1.15,95.64,155714
50,1225,0.00,50.00,1.15,95.64,155714
50,1225,0.00,50.00,1.15,95.64,155714
50,1225,0.00,50.00,1.15,95.64,155714
50,1225,0.00,50.00,0.31,95.93,162542
50,1225,0.00,50.00,0.31,95.93,162542
50,1225,0.00,50.00,0.31,95.93,162542
50,1225,0.00,50.00,0.31,95.93,162542
50,1225,0.00,50.00,0.31,95.93,162542
50,1225,0.00,50.00,1.29,95.63,158491
50,1225,0.00,50.00,1.29,95.63,158491
50,1225,0.00,50.00,1.29,95.63,158491
50,1225,0.00,50.00,1.29,95.63,158491
50,1225,0.00,50.00,1.89,97.68,164377
50,1225,0.00,50.00,1.89,97.68,164377
50,1225,0.00,50.00,1.89,97.68,164377
50,1225,0.00,50.00,1.89,97.68,164377
50,1225,0.00,50.00,1.97,96.96,160665
50,1225,0.00,50.00,1.97,96.96,160665
50,1225,0.00,50.00,1.97,96.96,160665
50,1225,0.00,50.00,1.97,96.96,160665
50,1225,0.00,50.00,1.97,96.96,160665
50,1225,0.00,50.00,1.29,97.06,161106
50,1225,0.00,50.00,1.29,97.06,161106
50,1225,0.00,50.00,1.29,97.06,161106
50,1225,0.00,50.00,1.29,97.06,161106
50,1225,0.00,50.00,1.46,95.66,164139
50,1225,0.00,50.00,1.46,95.66,164139
50,1225,0.00,50.00,1.46,95.66,164139
50,1225,0.00,50.00,1.46,95.66,164139
50,1225,0.00,50.00,0.25,97.41,162066
50,1225,0.00,50.00,0.25,97.41,162066
50,1225,0.00,50.00,0.25,97.41,162066
50,1225,0.00,50.00,0.25,97.41,162066
50,1225,0.00,50.00,2.40,92.44,157428
50,1225,0.00,50.00,2.40,92.44,157428
50,1225,0.00,50.00,2.40,92.44,157428
50,1225,0.00,50.00,2.40,92.44,157428
50,1225,0.00,50.00,2.40,92.44,157428
50,1225,0.00,50.00,1.71,96.55,159137
50,1225,0.00,50.00,1.71,96.55,159137
50,1225,0.00,50.00,1.71,96.55,159137
50,1225,0.00,50.00,1.71,96.55,159137
50,1225,0.00,50.00,0.87,97.31,161193
50,1225,0.00,50.00,0.87,97.31,161193
50,1225,0.00,50.00,0.87,97.31,161193
50,1225,0.00,50.00,0.87,97.31,161193
50,1225,0.00,50.00,0.15,97.23,168789
50,1225,0.00,50.00,0.15,97.23,168789
50,1225,0.00,50.00,0.15,97.23,168789
50,1225,0.00,50.00,0.15,97.23,168789
50,1225,0.00,50.00,1.83,97.87,168017
50,1225,0.00,50.00,1.83,97.87,168017
50,1225,0.00,50.00,1.83,97.87,168017
50,1225,0.00,50.00,1.83,97.87,168017
50,1225,0.00,50.00,0.82,96.64,155538
50,1225,0.00,50.00,0.82,96.64,155538
50,1225,0.00,50.00,0.82,96.64,155538
50,1225,0.00,50.00,0.82,96.64,155538
50,1225,0.00,50.00,0.82,96.64,155538
50,1225,0.00,50.00,0.55,98.20,160898
50,1225,0.00,50.00,0.55,98.20,160898
50,1225,0.00,50.00,0.55,98.20,160898
50,1225,0.00,50.00,0.55,98.20,160898
50,1225,0.00,50.00,1.22,98.02,157237
50,1225,0.00,50.00,1.22,98.02,157237
50,1225,0.00,50.00,1.22,98.02,157237
50,1225,0.00,50.00,1.22,98.02,157237
50,1225,0.00,50.00,1.14,95.21,157666
50,1225,0.00,50.00,1.14,95.21,157666
50,1225,0.00,50.00,1.14,95.21,157666
50,1225,0.00,50.00,1.14,95.21,157666
50,1225,0.00,50.00,1.14,95.21,157666
50,1225,0.00,50.00,2.96,98.00,162721
50,1225,0.00,50.00,2.96,98.00,162721
50,1225,0.00,50.00,2.96,98.00,162721
50,1225,0.00,50.00,2.96,98.00,162721
50,1225,0.00,50.00,0.23,92.66,159648
50,1225,0.00,50.00,0.23,92.66,159648
50,1225,0.00,50.00,0.23,92.66,159648
50,1225,0.00,50.00,0.23,92.66,159648
50,1225,0.00,50.00,1.39,96.97,158851
50,1225,0.00,50.00,1.39,96.97,158851
50,1225,0.00,50.00,1.39,96.97,158851
50,1225,0.00,50.00,1.39,96.97,158851
50,1225,0.00,50.00,1.08,94.65,154718
50,1225,0.00,50.00,1.08,94.65,154718
50,1225,0.00,50.00,1.08,94.65,154718
50,1225,0.00,50.00,1.08,94.65,154718
50,1225,0.00,50.00,1.08,94.65,154718
50,1225,0.00,50.00,1.15,95.58,161176
50,1225,0.00,50.00,1.15,95.58,161176
50,1225,0.00,50.00,1.15,95.58,161176
50,1225,0.00,50.00,1.15,95.58,161176
50,1225,0.00,50.00,1.31,97.44,159509
50,1225,0.00,50.00,1.31,97.44,159509
50,1225,0.00,50.00,1.31,97.44,159509
50,1225,0.00,50.00,1.31,97.44,159509
50,1225,0.00,50.00,0.99,92.89,157725
50,1225,0.00,50.00,0.99,92.89,157725
50,1225,0.00,50.00,0.99,92.89,157725
50,1225,0.00,50.00,0.99,92.89,157725
50,1225,0.00,50.00,1.32,96.31,169045
50,1225,0.00,50.00,1.32,96.31,169045
50,1225,0.00,50.00,1.32,96.31,169045
50,1225,0.00,50.00,1.32,96.31,169045
50,1225,0.00,50.00,1.32,96.31,169045
50,1225,0.00,50.00,2.19,94.79,163559
50,1225,0.00,50.00,2.19,94.79,163559
50,1225,0.00,50.00,2.19,94.79,163559
50,1225,0.00,50.00,2.19,94.79,163559
50,1225,0.00,50.00,0.83,95.61,170606
50,1225,0.00,50.00,0.83,95.61,170606
50,1225,0.00,50.00,0.83,95.61,170606
50,1225,0.00,50.00,0.83,95.61,170606
50,1225,0.00,50.00,2.57,96.22,162912
50,1225,0.00,50.00,2.57,96.22,162912
50,1225,0.00,50.00,2.57,96.22,162912
50,1225,0.00,50.00,2.57,96.22,162912
50,1225,0.00,50.00,2.57,96.22,162912
50,1225,0.00,50.00,1.80,96.60,167490
50,1225,0.00,50.00,1.80,96.60,167490
50,1225,0.00,50.00,1.80,96.60,167490
50,1225,0.00,50.00,1.80,96.60,167490
50,1225,0.00,50.00,1.55,95.69,164972
50,1225,0.00,50.00,1.55,95.69,164972
50,1225,0.00,50.00,1.55,95.69,164972
50,1225,0.00,50.00,1.55,95.69,164972
50,1225,0.00,50.00,1.54,99.74,166133
50,1225,0.00,50.00,1.54,99.74,166133
50,1225,0.00,50.00,1.54,99.74,166133
50,1225,0.00,50.00,1.54,99.74,166133
50,1225,0.00,50.00,1.84,93.76,170072
50,1225,0.00,50.00,1.84,93.76,170072
50,1225,0.00,50.00,1.84,93.76,170072
50,1225,0.00,50.00,1.84,93.76,170072
50,1225,0.00,50.00,1.30,96.62,154275
50,1225,0.00,50.00,1.30,96.62,154275
50,1225,0.00,50.00,1.30,96.62,154275
50,1225,0.00,50.00,1.30,96.62,154275
50,1225,0.00,50.00,1.30,96.62,154275
50,1225,0.00,50.00,0.83,92.82,166808
50,1225,0.00,50.00,0.83,92.82,166808
50,1225,0.00,50.00,0.83,92.82,166808
50,1225,0.00,50.00,0.83,92.82,166808
50,1225,0.00,50.00,1.39,98.20,164392
50,1225,0.00,50.00,1.39,98.20,164392
50,1225,0.00,50.00,1.39,98.20,164392
50,1225,0.00,50.00,1.39,98.20,164392
50,1225,0.00,50.00,1.39,95.84,162601
50,1225,0.00,50.00,1.39,95.84,162601
50,1225,0.00,50.00,1.39,95.84,162601
50,1225,0.00,50.00,1.39,95.84,162601
50,1225,0.00,50.00,1.39,95.84,162601
50,1225,0.00,50.00,0.85,99.15,162124
50,1225,0.00,50.00,0.85,99.15,162124
50,1225,0.00,50.00,0.85,99.15,162124
50,1225,0.00,50.00,0.85,99.15,162124
50,1225,0.00,50.00,1.34,94.46,161820
50,1225,0.00,50.00,1.34,94.46,161820
50,1225,0.00,50.00,1.34,94.46,161820
50,1225,0.00,50.00,1.34,94.46,161820
50,1225,0.00,50.00,0.56,92.22,163094
50,1225,0.00,50.00,0.56,92.22,163094
50,1225,0.00,50.00,0.56,92.22,163094
50,1225,0.00,50.00,0.56,92.22,163094
50,1225,0.00,50.00,0.90,97.20,167049
50,1225,0.00,50.00,0.90,97.20,167049
50,1225,0.00,50.00,0.90,97.20,167049
50,1225,0.00,50.00,0.90,97.20,167049
50,1225,0.00,50.00,0.90,97.20,167049
50,1225,0.00,50.00,0.87,98.91,170485
50,1225,0.00,50.00,0.87,98.91,170485
50,1225,0.00,50.00,0.87,98.91,170485
50,1225,0.00,50.00,0.87,98.91,170485
50,1225,0.00,50.00,0.58,95.59,163739
50,1225,0.00,50.00,0.58,95.59,163739
50,1225,0.00,50.00,0.58,95.59,163739
50,1225,0.00,50.00,0.58,95.59,163739
50,1225,0.00,50.00,1.79,97.10,171977
50,1225,0.00,50.00,1.79,97.10,171977
50,1225,0.00,50.00,1.79,97.10,171977
50,1225,0.00,50.00,1.79,97.10,171977
50,1225,0.00,50.00,0.23,97.09,160157
50,1225,0.00,50.00,0.23,97.09,160157
50,1225,0.00,50.00,0.23,97.09,160157
50,1225,0.00,50.00,0.23,97.09,160157
50,1225,0.00,50.00,0.23,97.09,160157
50,1225,0.00,50.00,0.81,96.09,164617
50,1225,0.00,50.00,0.81,96.09,164617
50,1225,0.00,50.00,0.81,96.09,164617
50,1225,0.00,50.00,0.81,96.09,164617
50,1225,0.00,50.00,0.87,97.79,165019
50,1225,0.00,50.00,0.87,97.79,165019
50,1225,0.00,50.00,0.87,97.79,165019
50,1225,0.00,50.00,0.87,97.79,165019
50,1225,0.00,50.00,1.24,94.67,162938
50,1225,0.00,50.00,1.24,94.67,162938
50,1225,0.00,50.00,1.24,94.67,162938
50,1225,0.00,50.00,1.24,94.67,162938
50,1225,0.00,50.00,1.34,98.23,163674
50,1225,0.00,50.00,1.34,98.23,163674
50,1225,0.00,50.00,1.34,98.23,163674
50,1225,0.00,50.00,1.34,98.23,163674
50,1225,0.00,50.00,1.34,98.23,163674
50,1225,0.00,50.00,1.48,94.47,161016
50,1225,0.00,50.00,1.48,94.47,161016
50,1225,0.00,50.00,1.48,94.47,161016
50,1225,0.00,50.00,1.48,94.47,161016
50,1225,0.00,50.00,0.94,96.76,164527
50,1225,0.00,50.00,0.94,96.76,164527
50,1225,0.00,50.00,0.94,96.76,164527
50,1225,0.00,50.00,0.94,96.76,164527
50,1225,0.00,50.00,0.83,94.95,163264
50,1225,0.00,50.00,0.83,94.95,163264
50,1225,0.00,50.00,0.83,94.95,163264
50,1225,0.00,50.00,0.83,94.95,163264
50,1225,0.00,50.00,0.83,94.95,163264
50,1225,0.00,50.00,1.96,95.42,152109
50,1225,0.00,50.00,1.96,95.42,152109
50,1225,0.00,50.00,1.96,95.42,152109
50,1225,0.00,50.00,1.96,95.42,152109
50,1225,0.00,50.00,1.21,86.45,168064
50,1225,0.00,50.00,1.21,86.45,168064
50,1225,0.00,50.00,1.21,86.45,168064
50,1225,0.00,50.00,1.21,86.45,168064
50,1225,0.00,50.00,2.38,92.41,170112
50,1225,0.00,50.00,2.38,92.41,170112
50,1225,0.00,50.00,2.38,92.41,170112
50,1225,0.00,50.00,2.38,92.41,170112
50,1225,0.00,50.00,0.84,93.69,160074
50,1225,0.00,50.00,0.84,93.69,160074
50,1225,0.00,50.00,0.84,93.69,160074
50,1225,0.00,50.00,0.84,93.69,160074
50,1225,0.00,50.00,0.84,93.69,160074
50,1225,0.00,50.00,2.25,95.43,165867
50,1225,0.00,50.00,2.25,95.43,165867
50,1225,0.00,50.00,2.25,95.43,165867
50,1225,0.00,50.00,2.25,95.43,165867
50,1225,0.00,50.00,1.15,93.94,157205
50,1225,0.00,50.00,1.15,93.94,157205
50,1225,0.00,50.00,1.15,93.94,157205
50,1225,0.00,50.00,1.15,93.94,157205
50,1225,0.00,50.00,1.54,92.86,166594
50,1225,0.00,50.00,1.54,92.86,166594
50,1225,0.00,50.00,1.54,92.86,166594
50,1225,0.00,50.00,1.54,92.86,166594
50,1225,0.00,50.00,2.15,97.56,157346
50,1225,0.00,50.00,2.15,97.56,157346
50,1225,0.00,50.00,2.15,97.56,157346
50,1225,0.00,50.00,2.15,97.56,157346
50,1225,0.00,50.00,2.15,97.56,157346
50,1225,0.00,50.00,0.74,97.11,163758
50,1225,0.00,50.00,0.74,97.11,163758
50,1225,0.00,50.00,0.74,97.11,163758
50,1225,0.00,50.00,0.74,97.11,163758
50,1225,0.00,50.00,1.13,99.15,165126
50,1225,0.00,50.00,1.13,99.15,165126
50,1225,0.00,50.00,1.13,99.15,165126
50,1225,0.00,50.00,1.13,99.15,165126
50,1225,0.00,50.00,0.54,96.45,160001
50,1225,0.00,50.00,0.54,96.45,160001
50,1225,0.00,50.00,0.54,96.45,160001
50,1225,0.00,50.00,0.54,96.45,160001
50,1225,0.00,50.00,2.20,95.64,164926
50,1225,0.00,50.00,2.20,95.64,164926
50,1225,0.00,50.00,2.20,95.64,164926
50,1225,0.00,50.00,2.20,95.64,164926
50,1225,0.00,50.00,2.20,95.64,164926
50,1225,0.00,50.00,1.01,95.79,157633
50,1225,0.00,50.00,1.01,95.79,157633
50,1225,0.00,50.00,1.01,95.79,157633
50,1225,0.00,50.00,1.01,95.79,157633
50,1225,0.00,50.00,1.21,92.58,160864
50,1225,0.00,50.00,1.21,92.58,160864
50,1225,0.00,50.00,1.21,92.58,160864
50,1225,0.00,50.00,1.21,92.58,160864
50,1225,0.00,50.00,1.10,96.55,155621
50,1225,0.00,50.00,1.10,96.55,155621
50,1225,0.00,50.00,1.10,96.55,155621
50,1225,0.00,50.00,1.10,96.55,155621
50,1225,0.00,50.00,1.10,96.55,155621
50,1225,0.00,50.00,0.97,97.60,170729
50,1225,0.00,50.00,0.97,97.60,170729
50,1225,0.00,50.00,0.97,97.60,170729
50,1225,0.00,50.00,0.97,97.60,170729
50,1225,0.00,50.00,1.49,96.80,164623
50,1225,0.00,50.00,1.49,96.80,164623
50,1225,0.00,50.00,1.49,96.80,164623
50,1225,0.00,50.00,1.49,96.80,164623
50,1225,0.00,50.00,1.79,95.97,160825
50,1225,0.00,50.00,1.79,95.97,160825
50,1225,0.00,50.00,1.79,95.97,160825
50,1225,0.00,50.00,1.79,95.97,160825
50,1225,0.00,50.00,0.27,96.45,168604
50,1225,0.00,50.00,0.27,96.45,168604
50,1225,0.00,50.00,0.27,96.45,168604
50,1225,0.00,50.00,0.27,96.45,168604
50,1225,0.00,50.00,0.27,96.45,168604
50,1225,0.00,50.00,1.10,93.20,160729
50,1225,0.00,50.00,1.10,93.20,160729
50,1225,0.00,50.00,1.10,93.20,160729
50,1225,0.00,50.00,1.10,93.20,160729
50,1225,0.00,50.00,0.49,95.93,163941
50,1225,0.00,50.00,0.49,95.93,163941
50,1225,0.00,50.00,0.49,95.93,163941
50,1225,0.00,50.00,0.49,95.93,163941
50,1225,0.00,50.00,0.23,95.59,152964
50,1225,0.00,50.00,0.23,95.59,152964
50,1225,0.00,50.00,0.23,95.59,152964
50,1225,0.00,50.00,0.23,95.59,152964
50,1225,0.00,50.00,0.43,98.48,169020
50,1225,0.00,50.00,0.43,98.48,169020
50,1225,0.00,50.00,0.43,98.48,169020
50,1225,0.00,50.00,0.43,98.48,169020
50,1225,0.00,50.00,0.43,98.48,169020
50,1225,0.00,50.00,1.17,97.02,149560
50,1225,0.00,50.00,1.17,97.02,149560
50,1225,0.00,50.00,1.17,97.02,149560
50,1225,0.00,50.00,1.17,97.02,149560
50,1225,0.00,50.00,1.77,92.54,161634
50,1225,0.00,50.00,1.77,92.54,161634
50,1225,0.00,50.00,1.77,92.54,161634
50,1225,0.00,50.00,1.77,92.54,161634
50,1225,0.00,50.00,0.88,96.79,163654
50,1225,0.00,50.00,0.88,96.79,163654
50,1225,0.00,50.00,0.88,96.79,163654
50,1225,0.00,50.00,0.88,96.79,163654
50,1225,0.00,50.00,0.81,95.71,167122
50,1225,0.00,50.00,0.81,95.71,167122
50,1225,0.00,50.00,0.81,95.71,167122
50,1225,0.00,50.00,0.81,95.71,167122
50,1225,0.00,50.00,0.81,95.71,167122
50,1225,0.00,50.00,0.94,98.73,157436
50,1225,0.00,50.00,0.94,98.73,157436
50,1225,0.00,50.00,0.94,98.73,157436
50,1225,0.00,50.00,0.94,98.73,157436
50,1225,0.00,50.00,1.85,95.87,166125
50,1225,0.00,50.00,1.85,95.87,166125
50,1225,0.00,50.00,1.85,95.87,166125
50,1225,0.00,50.00,1.85,95.87,166125
50,1225,0.00,50.00,0.75,92.25,170767
50,1225,0.00,50.00,0.75,92.25,170767
50,1225,0.00,50.00,0.75,92.25,170767
50,1225,0.00,50.00,0.75,92.25,170767
50,1225,0.00,50.00,1.02,96.49,155829
50,1225,0.00,50.00,1.02,96.49,155829
50,1225,0.00,50.00,1.02,96.49,155829
50,1225,0.00,50.00,1.02,96.49,155829
50,1225,0.00,50.00,1.02,96.49,155829
50,1225,0.00,50.00,0.58,96.85,156332
50,1225,0.00,50.00,0.58,96.85,156332
50,1225,0.00,50.00,0.58,96.85,156332
50,1225,0.00,50.00,0.58,96.85,156332
50,1225,0.00,50.00,1.11,97.54,156912
50,1225,0.00,50.00,1.11,97.54,156912
50,1225,0.00,50.00,1.11,97.54,156912
50,1225,0.00,50.00,1.11,97.54,156912
50,1225,0.00,50.00,0.95,96.00,168043
50,1225,0.00,50.00,0.95,96.00,168043
50,1225,0.00,50.00,0.95,96.00,168043
50,1225,0.00,50.00,0.95,96.00,168043
50,1225,0.00,50.00,0.89,97.76,158419
50,1225,0.00,50.00,0.89,97.76,158419
50,1225,0.00,50.00,0.89,97.76,158419
50,1225,0.00,50.00,0.89,97.76,158419
50,1225,0.00,50.00,0.89,97.76,158419
50,1225,0.00,50.00,1.65,93.87,159807
50,1225,0.00,50.00,1.65,93.87,159807
50,1225,0.00,50.00,1.65,93.87,159807
50,1225,0.00,50.00,1.65,93.87,159807
50,1225,0.00,50.00,0.35,97.12,167008
50,1225,0.00,50.00,0.35,97.12,167008
50,1225,0.00,50.00,0.35,97.12,167008
50,1225,0.00,50.00,0.35,97.12,167008
50,1225,0.00,50.00,1.41,95.31,156700
50,1225,0.00,50.00,1.41,95.31,156700
50,1225,0.00,50.00,1.41,95.31,156700
50,1225,0.00,50.00,1.41,95.31,156700
50,1225,0.00,50.00,1.41,95.31,156700
50,1225,0.00,50.00,1.47,97.10,162996
50,1225,0.00,50.00,1.47,97.10,162996
50,1225,0.00,50.00,1.47,97.10,162996
50,1225,0.00,50.00,1.47,97.10,162996
50,1225,0.00,50.00,0.35,95.22,159563
50,1225,0.00,50.00,0.35,95.22,159563
50,1225,0.00,50.00,0.35,95.22,159563
50,1225,0.00,50.00,0.35,95.22,159563
50,1225,0.00,50.00,1.10,96.45,156392
50,1225,0.00,50.00,1.10,96.45,156392
50,1225,0.00,50.00,1.10,96.45,156392
50,1225,0.00,50.00,1.10,96.45,156392
50,1225,0.00,50.00,1.18,95.69,160094
50,1225,0.00,50.00,1.18,95.69,160094
50,1225,0.00,50.00,1.18,95.69,160094
50,1225,0.00,50.00,1.18,95.69,160094
50,1225,0.00,50.00,1.18,95.69,160094
50,1225,0.00,50.00,0.96,92.96,161121
50,1225,0.00,50.00,0.96,92.96,161121
50,1225,0.00,50.00,0.96,92.96,161121
50,1225,0.00,50.00,0.96,92.96,161121
50,1225,0.00,50.00,1.05,96.50,165450
50,1225,0.00,50.00,1.05,96.50,165450
50,1225,0.00,50.00,1.05,96.50,165450
50,1225,0.00,50.00,1.05,96.50,165450
50,1225,0.00,50.00,0.70,95.27,157559
50,1225,0.00,50.00,0.70,95.27,157559
50,1225,0.00,50.00,0.70,95.27,157559
50,1225,0.00,50.00,0.70,95.27,157559
50,1225,0.00,50.00,1.29,98.22,169471
50,1225,0.00,50.00,1.29,98.22,169471
50,1225,0.00,50.00,1.29,98.22,169471
50,1225,0.00,50.00,1.29,98.22,169471
50,1225,0.00,50.00,1.29,98.22,169471
50,1225,0.00,50.00,1.38,97.97,162369
50,1225,0.00,50.00,1.38,97.97,162369
50,1225,0.00,50.00,1.38,97.97,162369
50,1225,0.00,50.00,1.38,97.97,162369
50,1225,0.00,50.00,1.72,98.01,153674
50,1225,0.00,50.00,1.72,98.01,153674
50,1225,0.00,50.00,1.72,98.01,153674
50,1225,0.00,50.00,1.72,98.01,153674
50,1225,0.00,50.00,1.79,96.15,166692
50,1225,0.00,50.00,1.79,96.15,166692
50,1225,0.00,50.00,1.79,96.15,166692
50,1225,0.00,50.00,1.79,96.15,166692
50,1225,0.00,50.00,0.47,96.84,161566
50,1225,0.00,50.00,0.47,96.84,161566
50,1225,0.00,50.00,0.47,96.84,161566
50,1225,0.00,50.00,0.47,96.84,161566
50,1225,0.00,50.00,1.56,95.71,162004
50,1225,0.00,50.00,1.56,95.71,162004
50,1225,0.00,50.00,1.56,95.71,162004
50,1225,0.00,50.00,1.56,95.71,162004
50,1225,0.00,50.00,0.97,97.95,161050
50,1225,0.00,50.00,0.97,97.95,161050
50,1225,0.00,50.00,0.97,97.95,161050
50,1225,0.00,50.00,0.97,97.95,161050
50,1225,0.00,50.00,0.97,97.95,161050
50,1225,0.00,50.00,1.68,97.22,164634
50,1225,0.00,50.00,1.68,97.22,164634
50,1225,0.00,50.00,1.68,97.22,164634
50,1225,0.00,50.00,1.68,97.22,164634
50,1225,0.00,50.00,1.48,95.28,153369
50,1225,0.00,50.00,1.48,95.28,153369
50,1225,0.00,50.00,1.48,95.28,153369
50,1225,0.00,50.00,1.48,95.28,153369
50,1225,0.00,50.00,0.69,97.94,159958
50,1225,0.00,50.00,0.69,97.94,159958
50,1225,0.00,50.00,0.69,97.94,159958
50,1225,0.00,50.00,0.69,97.94,159958
50,1225,0.00,50.00,3.26,93.78,163580
50,1225,0.00,50.00,3.26,93.78,163580
50,1225,0.00,50.00,3.26,93.78,163580
50,1225,0.00,50.00,3.26,93.78,163580
50,1225,0.00,50.00,0.51,93.16,166139
50,1225,0.00,50.00,0.51,93.16,166139
50,1225,0.00,50.00,0.51,93.16,166139
50,1225,0.00,50.00,0.51,93.16,166139
50,1225,0.00,50.00,0.51,93.16,166139
50,1225,0.00,50.00,0.97,96.67,166832
50,1225,0.00,50.00,0.97,96.67,166832
50,1225,0.00,50.00,0.97,96.67,166832
50,1225,0.00,50.00,0.97,96.67,166832
50,1225,0.00,50.00,3.30,95.98,163391
50,1225,0.00,50.00,3.30,95.98,163391
50,1225,0.00,50.00,3.30,95.98,163391
50,1225,0.00,50.00,3.30,95.98,163391
50,1225,0.00,50.00,1.42,96.52,164868
50,1225,0.00,50.00,1.42,96.52,164868
50,1225,0.00,50.00,1.42,96.52,164868
50,1225,0.00,50.00,1.42,96.52,164868
50,1225,0.00,50.00,1.36,96.71,158923
50,1225,0.00,50.00,1.36,96.71,158923
50,1225,0.00,50.00,1.36,96.71,158923
50,1225,0.00,50.00,1.36,96.71,158923
50,1225,0.00,50.00,1.36,96.71,158923
50,1225,0.00,50.00,1.89,96.97,157373
50,1225,0.00,50.00,1.89,96.97,157373
50,1225,0.00,50.00,1.89,96.97,157373
50,1225,0.00,50.00,1.89,96.97,157373
50,1225,0.00,50.00,2.02,97.97,158908
50,1225,0.00,50.00,2.02,97.97,158908
50,1225,0.00,50.00,2.02,97.97,158908
50,1225,0.00,50.00,2.02,97.97,158908
50,1225,0.00,50.00,1.02,95.76,158476
50,1225,0.00,50.00,1.02,95.76,158476
50,1225,0.00,50.00,1.02,95.76,158476
50,1225,0.00,50.00,1.02,95.76,158476
50,1225,0.00,50.00,0.74,98.14,165762
50,1225,0.00,50.00,0.74,98.14,165762
50,1225,0.00,50.00,0.74,98.14,165762
50,1225,0.00,50.00,0.74,98.14,165762
50,1225,0.00,50.00,0.74,98.14,165762
50,1225,0.00,50.00,2.10,96.15,163328
50,1225,0.00,50.00,2.10,96.15,163328
50,1225,0.00,50.00,2.10,96.15,163328
50,1225,0.00,50.00,2.10,96.15,163328
50,1225,0.00,50.00,1.99,97.37,158432
50,1225,0.00,50.00,1.99,97.37,158432
50,1225,0.00,50.00,1.99,97.37,158432
50,1225,0.00,50.00,1.99,97.37,158432
50,1225,0.00,50.00,3.33,97.54,165490
50,1225,0.00,50.00,3.33,97.54,165490
50,1225,0.00,50.00,3.33,97.54,165490
50,1225,0.00,50.00,3.33,97.54,165490
50,1225,0.00,50.00,1.46,99.16,161818
50,1225,0.00,50.00,1.46,99.16,161818
50,1225,0.00,50.00,1.46,99.16,161818
50,1225,0.00,50.00,1.46,99.16,161818
50,1225,0.00,50.00,1.46,99.16,161818
50,1225,0.00,50.00,2.74,91.45,166085
50,1225,0.00,50.00,2.74,91.45,166085
50,1225,0.00,50.00,2.74,91.45,166085
50,1225,0.00,50.00,2.74,91.45,166085
50,1225,0.00,50.00,1.58,93.83,170005
50,1225,0.00,50.00,1.58,93.83,170005
50,1225,0.00,50.00,1.58,93.83,170005
50,1225,0.00,50.00,1.58,93.83,170005
50,1225,0.00,50.00,1.25,95.32,171540
50,1225,0.00,50.00,1.25,95.32,171540
50,1225,0.00,50.00,1.25,95.32,171540
50,1225,0.00,50.00,1.25,95.32,171540
50,1225,0.00,50.00,1.25,95.32,171540
50,1225,0.00,50.00,0.65,99.01,168987
50,1225,0.00,50.00,0.65,99.01,168987
50,1225,0.00,50.00,0.65,99.01,168987
50,1225,0.00,50.00,0.65,99.01,168987
50,1225,0.00,50.00,1.31,99.27,154788
50,1225,0.00,50.00,1.31,99.27,154788
50,1225,0.00,50.00,1.31,99.27,154788
50,1225,0.00,50.00,1.31,99.27,154788
50,1225,0.00,50.00,1.13,92.41,162733
50,1225,0.00,50.00,1.13,92.41,162733
50,1225,0.00,50.00,1.13,92.41,162733
50,1225,0.00,50.00,1.13,92.41,162733
50,1225,0.00,50.00,2.00,97.06,161370
50,1225,0.00,50.00,2.00,97.06,161370
50,1225,0.00,50.00,2.00,97.06,161370
50,1225,0.00,50.00,2.00,97.06,161370
50,1225,0.00,50.00,2.00,97.06,161370
50,1225,0.00,50.00,0.35,98.97,154029
50,1225,0.00,50.00,0.35,98.97,154029
50,1225,0.00,50.00,0.35,98.97,154029
50,1225,0.00,50.00,0.35,98.97,154029
50,1225,0.00,50.00,1.84,97.67,164546
50,1225,0.00,50.00,1.84,97.67,164546
50,1225,0.00,50.00,1.84,97.67,164546
50,1225,0.00,50.00,1.84,97.67,164546
50,1225,0.00,50.00,2.02,93.01,159393
50,1225,0.00,50.00,2.02,93.01,159393
50,1225,0.00,50.00,2.02,93.01,159393
50,1225,0.00,50.00,2.02,93.01,159393
50,1225,0.00,50.00,2.66,99.12,165178
50,1225,0.00,50.00,2.66,99.12,165178
50,1225,0.00,50.00,2.66,99.12,165178
50,1225,0.00,50.00,2.66,99.12,165178
50,1225,0.00,50.00,2.66,99.12,165178
50,1225,0.00,50.00,2.42,90.52,160972
50,1225,0.00,50.00,2.42,90.52,160972
50,1225,0.00,50.00,2.42,90.52,160972
50,1225,0.00,50.00,2.42,90.52,160972
50,1225,0.00,50.00,1.18,96.67,151494
50,1225,0.00,50.00,1.18,96.67,151494
50,1225,0.00,50.00,1.18,96.67,151494
50,1225,0.00,50.00,1.18,96.67,151494
50,1225,0.00,50.00,0.22,97.16,152732
50,1225,0.00,50.00,0.22,97.16,152732
50,1225,0.00,50.00,0.22,97.16,152732
50,1225,0.00,50.00,0.22,97.16,152732
50,1225,0.00,50.00,2.61,95.19,164229
50,1225,0.00,50.00,2.61,95.19,164229
50,1225,0.00,50.00,2.61,95.19,164229
50,1225,0.00,50.00,2.61,95.19,164229
50,1225,0.00,50.00,2.61,95.19,164229
50,1225,0.00,50.00,2.09,98.89,165942