nodes,edges,inner radius,outer radius,minimum distance,maximum distance,crossings
50,1225,0.00,10.22,0.49,19.86,3043849
50,1225,0.00,12.36,0.59,24.00,3043462
50,1225,0.00,12.36,0.24,23.79,3679494
50,1225,0.00,9.75,0.19,18.78,3679726
50,1225,0.00,9.75,0.19,18.78,3679726
50,1225,0.00,9.75,0.19,18.78,3679726
50,1225,0.00,9.75,0.24,18.31,4564639
50,1225,0.00,23.05,0.56,43.27,4564469
50,1225,0.00,23.05,0.56,43.27,4564469
50,1225,0.00,23.05,0.93,45.16,2282962
50,1225,0.00,31.09,1.25,60.89,2282860
50,1225,0.00,31.09,1.25,60.89,2282860
50,1225,0.00,31.09,0.84,58.68,2719758
50,1225,0.00,35.52,0.97,67.05,2719671
50,1225,0.00,35.52,0.97,67.05,2719671
50,1225,0.00,35.52,0.60,68.27,3377474
50,1225,0.00,17.85,0.30,34.30,3378221
50,1225,0.00,17.85,0.30,34.30,3378221
50,1225,0.00,17.85,0.30,34.30,3378221
50,1225,0.00,17.85,0.45,34.96,3075316
50,1225,0.00,30.11,0.75,58.98,3075308
50,1225,0.00,30.11,0.75,58.98,3075308
50,1225,0.00,30.11,0.65,55.95,3095057
50,1225,0.00,11.88,0.26,22.08,3095411
50,1225,0.00,11.88,0.26,22.08,3095411
50,1225,0.00,11.88,0.19,22.66,3425981
50,1225,0.00,14.37,0.23,27.40,3426173
50,1225,0.00,14.37,0.23,27.40,3426173
50,1225,0.00,14.37,0.30,27.49,2654543
50,1225,0.00,35.55,0.75,68.01,2654294
50,1225,0.00,35.55,0.75,68.01,2654294
50,1225,0.00,35.55,0.75,68.01,2654294
50,1225,0.00,35.55,0.94,68.39,2690025
50,1225,0.00,28.49,0.76,54.81,2689512
50,1225,0.00,28.49,0.76,54.81,2689512
50,1225,0.00,28.49,0.66,54.98,3252002
50,1225,0.00,30.61,0.71,59.07,3251931
50,1225,0.00,30.61,0.71,59.07,3251931
50,1225,0.00,30.61,0.92,57.50,1965213
50,1225,0.00,37.53,1.13,70.51,1964865
50,1225,0.00,37.53,1.13,70.51,1964865
50,1225,0.00,37.53,0.70,70.61,3312481
50,1225,0.00,0.49,0.01,0.91,3307090
50,1225,0.00,0.49,0.01,0.91,3307090
50,1225,0.00,0.49,0.01,0.91,3307090
50,1225,0.00,0.49,0.01,0.94,2672302
50,1225,0.00,24.25,0.59,47.15,2677513
50,1225,0.00,24.25,0.59,47.15,2677513
50,1225,0.00,24.25,0.52,45.84,4236246
50,1225,0.00,3.33,0.07,6.30,4238384
50,1225,0.00,3.33,0.07,6.30,4238384
50,1225,0.00,3.33,0.10,6.32,2691238
50,1225,0.00,26.46,0.78,50.17,2689395
50,1225,0.00,26.46,0.78,50.17,2689395
50,1225,0.00,26.46,0.78,50.17,2689395
50,1225,0.00,26.46,1.39,51.51,3004134
50,1225,0.00,40.54,2.12,78.94,3004548
50,1225,0.00,40.54,2.12,78.94,3004548
50,1225,0.00,40.54,1.44,77.93,4884485
50,1225,0.00,18.21,0.65,35.00,4884012
50,1225,0.00,18.21,0.65,35.00,4884012
50,1225,0.00,18.21,0.23,35.77,2514092
50,1225,0.00,31.07,0.40,61.04,2514369
50,1225,0.00,31.07,0.40,61.04,2514369
50,1225,0.00,31.07,0.40,61.04,2514369
50,1225,0.00,31.07,0.84,61.03,2399619
50,1225,0.00,42.74,1.16,83.96,2399450
50,1225,0.00,42.74,1.16,83.96,2399450
50,1225,0.00,42.74,0.09,83.14,2821595
50,1225,0.00,32.59,0.07,63.40,2822081
50,1225,0.00,32.59,0.07,63.40,2822081
50,1225,0.00,32.59,0.70,64.70,3606896
50,1225,0.00,33.66,0.72,66.82,3606623
50,1225,0.00,33.66,0.72,66.82,3606623
50,1225,0.00,33.66,0.60,65.46,3372111
50,1225,0.00,3.08,0.05,5.98,3373847
50,1225,0.00,3.08,0.05,5.98,3373847
50,1225,0.00,3.08,0.05,5.98,3373847
50,1225,0.00,3.08,0.10,5.83,2242586
50,1225,0.00,27.55,0.92,52.21,2240091
50,1225,0.00,27.55,0.92,52.21,2240091
50,1225,0.00,27.55,0.84,54.81,3125192
50,1225,0.00,30.58,0.93,60.85,3125001
50,1225,0.00,30.58,0.93,60.85,3125001
50,1225,0.00,30.58,0.38,56.56,2784164
50,1225,0.00,43.52,0.54,80.49,2784467
50,1225,0.00,43.52,0.54,80.49,2784467
50,1225,0.00,43.52,0.54,80.49,2784467
50,1225,0.00,43.52,1.46,83.92,2462964
50,1225,0.00,48.53,1.63,93.59,2463099
50,1225,0.00,48.53,1.63,93.59,2463099
50,1225,0.00,48.53,2.65,95.37,3452755
50,1225,0.00,21.85,1.19,42.94,3452895
50,1225,0.00,21.85,1.19,42.94,3452895
50,1225,0.00,21.85,0.54,41.68,3104450
50,1225,0.00,4.27,0.11,8.14,3105892
50,1225,0.00,4.27,0.11,8.14,3105892
50,1225,0.00,4.27,0.11,8.14,3105892
50,1225,0.00,4.27,0.17,8.11,3162056
50,1225,0.00,19.50,0.76,37.07,3160822
50,1225,0.00,19.50,0.76,37.07,3160822
50,1225,0.00,19.50,1.00,38.27,2902441
50,1225,0.00,28.44,1.46,55.80,2902533
50,1225,0.00,28.44,1.46,55.80,2902533
50,1225,0.00,28.44,0.58,53.76,3065429
50,1225,0.00,11.06,0.23,20.90,3066582
50,1225,0.00,11.06,0.23,20.90,3066582
50,1225,0.00,11.06,0.12,21.69,3973196
50,1225,0.00,23.67,0.25,46.42,3973152
50,1225,0.00,23.67,0.25,46.42,3973152
50,1225,0.00,23.67,0.25,46.42,3973152
50,1225,0.00,23.67,0.81,46.16,2663174
50,1225,0.00,33.05,1.13,64.45,2663044
50,1225,0.00,33.05,1.13,64.45,2663044
50,1225,0.00,33.05,0.36,65.30,2685449
50,1225,0.00,24.33,0.26,48.07,2685373
50,1225,0.00,24.33,0.26,48.07,2685373
50,1225,0.00,24.33,0.99,46.21,3057304
50,1225,0.00,25.57,1.04,48.57,3057381
50,1225,0.00,25.57,1.04,48.57,3057381
50,1225,0.00,25.57,0.47,49.92,3029265
50,1225,0.00,4.83,0.09,9.43,3030344
50,1225,0.00,4.83,0.09,9.43,3030344
50,1225,0.00,4.83,0.09,9.43,3030344
50,1225,0.00,4.83,0.04,8.98,3364958
50,1225,0.00,47.53,0.39,88.42,3364002
50,1225,0.00,47.53,0.39,88.42,3364002
50,1225,0.00,47.53,1.61,90.00,3328877
50,1225,0.00,48.26,1.64,91.37,3329080
50,1225,0.00,48.26,1.64,91.37,3329080
50,1225,0.00,48.26,1.59,92.99,3600333
50,1225,0.00,48.31,1.59,93.07,3600341
50,1225,0.00,48.31,1.59,93.07,3600341
50,1225,0.00,48.31,1.59,93.07,3600341
50,1225,0.00,48.31,1.64,92.67,3725936
50,1225,0.00,44.83,1.52,86.00,3726122
50,1225,0.00,44.83,1.52,86.00,3726122
50,1225,0.00,44.83,0.24,86.36,1794077
50,1225,0.00,11.09,0.06,21.37,1793850
50,1225,0.00,11.09,0.06,21.37,1793850
50,1225,0.00,11.09,0.48,21.13,1772840
50,1225,0.00,5.49,0.24,10.46,1773246
50,1225,0.00,5.49,0.24,10.46,1773246
50,1225,0.00,5.49,0.07,10.76,2291116
50,1225,0.00,20.96,0.25,41.04,2290367
50,1225,0.00,20.96,0.25,41.04,2290367
50,1225,0.00,20.96,0.25,41.04,2290367
50,1225,0.00,20.96,0.50,40.86,3200943
50,1225,0.00,43.40,1.04,84.61,3200615
50,1225,0.00,43.40,1.04,84.61,3200615
50,1225,0.00,43.40,1.38,79.26,3255133
50,1225,0.00,33.95,1.08,62.01,3255540
50,1225,0.00,33.95,1.08,62.01,3255540
50,1225,0.00,33.95,1.14,63.67,4607336
50,1225,0.00,31.95,1.07,59.92,4607076
50,1225,0.00,31.95,1.07,59.92,4607076
50,1225,0.00,31.95,0.21,60.10,3038823
50,1225,0.00,37.53,0.25,70.59,3038899
50,1225,0.00,37.53,0.25,70.59,3038899
50,1225,0.00,37.53,0.25,70.59,3038899
50,1225,0.00,37.53,1.66,70.91,2742640
50,1225,0.00,19.67,0.87,37.16,2743163
50,1225,0.00,19.67,0.87,37.16,2743163
50,1225,0.00,19.67,0.36,38.46,3595518
50,1225,0.00,47.65,0.88,93.18,3594926
50,1225,0.00,47.65,0.88,93.18,3594926
50,1225,0.00,47.65,0.93,94.91,3513321
50,1225,0.00,22.55,0.44,44.92,3513243
50,1225,0.00,22.55,0.44,44.92,3513243
50,1225,0.00,22.55,0.14,43.44,3550458
50,1225,0.00,47.69,0.30,91.85,3550337
50,1225,0.00,47.69,0.30,91.85,3550337
50,1225,0.00,47.69,0.30,91.85,3550337
50,1225,0.00,47.69,0.64,92.94,3032829
50,1225,0.00,40.49,0.54,78.92,3033206
50,1225,0.00,40.49,0.54,78.92,3033206
50,1225,0.00,40.49,0.70,76.38,3632181
50,1225,0.00,10.40,0.18,19.62,3632460
50,1225,0.00,10.40,0.18,19.62,3632460
50,1225,0.00,10.40,0.35,19.68,3892200
50,1225,0.00,10.97,0.37,20.75,3892366
50,1225,0.00,10.97,0.37,20.75,3892366
50,1225,0.00,10.97,0.37,20.75,3892366
50,1225,0.00,10.97,0.51,21.47,2501350
50,1225,0.00,42.63,2.00,83.45,2501267
50,1225,0.00,42.63,2.00,83.45,2501267
50,1225,0.00,42.63,0.99,81.92,2467891
50,1225,0.00,47.24,1.10,90.78,2467898
50,1225,0.00,47.24,1.10,90.78,2467898
50,1225,0.00,47.24,1.61,91.29,3924411
50,1225,0.00,49.37,1.68,95.40,3923998
50,1225,0.00,49.37,1.68,95.40,3923998
50,1225,0.00,49.37,1.48,96.49,3385227
50,1225,0.00,27.41,0.82,53.58,3384724
50,1225,0.00,27.41,0.82,53.58,3384724
50,1225,0.00,27.41,0.97,53.44,4045330
50,1225,0.00,19.50,0.69,38.01,4045125
50,1225,0.00,19.50,0.69,38.01,4045125
50,1225,0.00,19.50,0.69,38.01,4045125
50,1225,0.00,19.50,0.38,37.93,3102388
50,1225,0.00,30.37,0.59,59.08,3102574
50,1225,0.00,30.37,0.59,59.08,3102574
50,1225,0.00,30.37,1.07,59.64,3475285
50,1225,0.00,0.71,0.02,1.39,3471872
50,1225,0.00,0.71,0.02,1.39,3471872
50,1225,0.00,0.71,0.01,1.40,3580502
50,1225,0.00,24.82,0.40,49.08,3584272
50,1225,0.00,24.82,0.40,49.08,3584272
50,1225,0.00,24.82,0.40,49.08,3584272
50,1225,0.00,24.82,0.30,46.69,3392918
50,1225,0.00,49.95,0.60,93.96,3392593
50,1225,0.00,49.95,0.60,93.96,3392593
50,1225,0.00,49.95,0.96,97.83,2389381
50,1225,0.00,5.89,0.11,11.54,2389031
50,1225,0.00,5.89,0.11,11.54,2389031
50,1225,0.00,5.89,0.18,11.04,4076242
50,1225,0.00,20.18,0.63,37.79,4075752
50,1225,0.00,20.18,0.63,37.79,4075752
50,1225,0.00,20.18,0.44,40.03,3691847
50,1225,0.00,35.83,0.78,71.06,3692080
50,1225,0.00,35.83,0.78,71.06,3692080
50,1225,0.00,35.83,0.78,71.06,3692080
50,1225,0.00,35.83,0.71,68.53,3148750
50,1225,0.00,39.04,0.78,74.68,3148313
50,1225,0.00,39.04,0.78,74.68,3148313
50,1225,0.00,39.04,2.00,76.11,2569628
50,1225,0.00,30.02,1.54,58.52,2569901
50,1225,0.00,30.02,1.54,58.52,2569901
50,1225,0.00,30.02,1.55,56.83,3707638
50,1225,0.00,18.87,0.97,35.72,3707249
50,1225,0.00,18.87,0.97,35.72,3707249
50,1225,0.00,18.87,0.30,37.14,2816817
50,1225,0.00,33.63,0.54,66.18,2817037
50,1225,0.00,33.63,0.54,66.18,2817037
50,1225,0.00,33.63,0.54,66.18,2817037
50,1225,0.00,33.63,0.71,64.99,3303238
50,1225,0.00,48.28,1.02,93.31,3303373
50,1225,0.00,48.28,1.02,93.31,3303373
50,1225,0.00,48.28,2.39,94.27,3061301
50,1225,0.00,0.64,0.03,1.24,3056924
50,1225,0.00,0.64,0.03,1.24,3056924
50,1225,0.00,0.64,0.01,1.23,3045012
50,1225,0.00,15.17,0.34,29.40,3048832
50,1225,0.00,15.17,0.34,29.40,3048832
50,1225,0.00,15.17,0.47,29.49,2155815
50,1225,0.00,32.92,1.03,64.01,2156029
50,1225,0.00,32.92,1.03,64.01,2156029
50,1225,0.00,32.92,1.03,64.01,2156029
50,1225,0.00,32.92,0.38,61.19,3019268
50,1225,0.00,21.30,0.25,39.60,3018929
50,1225,0.00,21.30,0.25,39.60,3018929
50,1225,0.00,21.30,0.91,41.51,2700287
50,1225,0.00,42.37,1.82,82.57,2699703
50,1225,0.00,42.37,1.82,82.57,2699703
50,1225,0.00,42.37,0.12,82.52,3078970
50,1225,0.00,26.20,0.07,51.03,3078786
50,1225,0.00,26.20,0.07,51.03,3078786
50,1225,0.00,26.20,0.07,51.03,3078786
50,1225,0.00,26.20,0.51,51.44,3257887
50,1225,0.00,46.62,0.91,91.54,3257671
50,1225,0.00,46.62,0.91,91.54,3257671
50,1225,0.00,46.62,2.15,90.64,2554610
50,1225,0.00,6.57,0.30,12.77,2554461
50,1225,0.00,6.57,0.30,12.77,2554461
50,1225,0.00,6.57,0.21,12.54,2794564
50,1225,0.00,4.90,0.16,9.36,2795229
50,1225,0.00,4.90,0.16,9.36,2795229
50,1225,0.00,4.90,0.21,9.28,2470519
50,1225,0.00,31.96,1.36,60.48,2469307
50,1225,0.00,31.96,1.36,60.48,2469307
50,1225,0.00,31.96,1.36,60.48,2469307
50,1225,0.00,31.96,0.34,62.69,3511606
50,1225,0.00,20.99,0.22,41.17,3511759
50,1225,0.00,20.99,0.22,41.17,3511759
50,1225,0.00,20.99,0.55,41.29,4491287
50,1225,0.00,8.05,0.21,15.83,4491281
50,1225,0.00,8.05,0.21,15.83,4491281
50,1225,0.00,8.05,0.18,15.23,3266574
50,1225,0.00,41.53,0.92,78.62,3266428
50,1225,0.00,41.53,0.92,78.62,3266428
50,1225,0.00,41.53,0.92,78.62,3266428
50,1225,0.00,41.53,0.13,82.00,4365982
50,1225,0.00,38.47,0.12,75.96,4366142
50,1225,0.00,38.47,0.12,75.96,4366142
50,1225,0.00,38.47,1.15,73.72,2992120
50,1225,0.00,40.91,1.23,78.39,2992025
50,1225,0.00,40.91,1.23,78.39,2992025
50,1225,0.00,40.91,0.33,78.48,3251445
50,1225,0.00,0.15,0.00,0.29,3245032
50,1225,0.00,0.15,0.00,0.29,3245032
50,1225,0.00,0.15,0.00,0.29,2578874
50,1225,0.00,49.99,0.99,94.26,2585332
50,1225,0.00,49.99,0.99,94.26,2585332
50,1225,0.00,49.99,0.40,96.57,3534279
50,1225,0.00,48.89,0.39,94.44,3534848
50,1225,0.00,48.89,0.39,94.44,3534848
50,1225,0.00,48.89,0.39,94.44,3534848
50,1225,0.00,48.89,0.33,94.25,3190898
50,1225,0.00,44.07,0.29,84.95,3191042
50,1225,0.00,44.07,0.29,84.95,3191042
50,1225,0.00,44.07,0.77,82.45,2732320
50,1225,0.00,23.03,0.40,43.09,2731901
50,1225,0.00,23.03,0.40,43.09,2731901
50,1225,0.00,23.03,0.40,42.91,2937499
50,1225,0.00,42.65,0.74,79.47,2937995
50,1225,0.00,42.65,0.74,79.47,2937995
50,1225,0.00,42.65,0.77,82.78,3277685
50,1225,0.00,0.38,0.01,0.74,3272545
50,1225,0.00,0.38,0.01,0.74,3272545
50,1225,0.00,0.38,0.01,0.74,3272545
50,1225,0.00,0.38,0.00,0.73,2103376
50,1225,0.00,23.15,0.10,43.95,2109503
50,1225,0.00,23.15,0.10,43.95,2109503
50,1225,0.00,23.15,0.69,42.58,3446643
50,1225,0.00,40.86,1.22,75.14,3446117
50,1225,0.00,40.86,1.22,75.14,3446117
50,1225,0.00,40.86,1.53,79.54,2936916
50,1225,0.00,49.17,1.84,95.70,2936971
50,1225,0.00,49.17,1.84,95.70,2936971
50,1225,0.00,49.17,1.33,94.13,3638277
50,1225,0.00,14.19,0.38,27.17,3638229
50,1225,0.00,14.19,0.38,27.17,3638229
50,1225,0.00,14.19,0.38,27.17,3638229
50,1225,0.00,14.19,0.67,27.79,2921352
50,1225,0.00,0.26,0.01,0.51,2915144
50,1225,0.00,0.26,0.01,0.51,2915144
50,1225,0.00,0.26,0.00,0.50,3274702
50,1225,0.00,3.17,0.06,6.04,3283368
50,1225,0.00,3.17,0.06,6.04,3283368
50,1225,0.00,3.17,0.07,6.04,3461584
50,1225,0.00,24.76,0.58,47.20,3459261
50,1225,0.00,24.76,0.58,47.20,3459261
50,1225,0.00,24.76,0.41,48.14,3695718
50,1225,0.00,3.27,0.05,6.36,3697245
50,1225,0.00,3.27,0.05,6.36,3697245
50,1225,0.00,3.27,0.05,6.36,3697245
50,1225,0.00,3.27,0.11,6.29,3942197
50,1225,0.00,32.30,1.12,62.14,3940184
50,1225,0.00,32.30,1.12,62.14,3940184
50,1225,0.00,32.30,0.37,61.36,3098948
50,1225,0.00,43.35,0.50,82.35,3098220
50,1225,0.00,43.35,0.50,82.35,3098220
50,1225,0.00,43.35,0.23,83.62,2796361
50,1225,0.00,3.50,0.02,6.75,2797833
50,1225,0.00,3.50,0.02,6.75,2797833
50,1225,0.00,3.50,0.15,6.95,4407414
50,1225,0.00,14.77,0.62,29.34,4405336
50,1225,0.00,14.77,0.62,29.34,4405336
50,1225,0.00,14.77,0.62,29.34,4405336
50,1225,0.00,14.77,0.44,28.29,2924512
50,1225,0.00,12.37,0.37,23.70,2924363
50,1225,0.00,12.37,0.37,23.70,2924363
50,1225,0.00,12.37,0.43,23.29,3222237
50,1225,0.00,19.43,0.68,36.58,3221770
50,1225,0.00,19.43,0.68,36.58,3221770
50,1225,0.00,19.43,0.42,36.11,3768242
50,1225,0.00,20.08,0.44,37.32,3767724
50,1225,0.00,20.08,0.44,37.32,3767724
50,1225,0.00,20.08,0.70,38.40,3843706
50,1225,0.00,41.24,1.43,78.88,3843746
50,1225,0.00,41.24,1.43,78.88,3843746
50,1225,0.00,41.24,1.43,78.88,3843746
50,1225,0.00,41.24,2.13,79.78,2778188
50,1225,0.00,3.08,0.16,5.96,2779995
50,1225,0.00,3.08,0.16,5.96,2779995
50,1225,0.00,3.08,0.04,5.91,3080691
50,1225,0.00,2.71,0.04,5.20,3081225
50,1225,0.00,2.71,0.04,5.20,3081225
50,1225,0.00,2.71,0.03,5.15,4031956
50,1225,0.00,21.00,0.22,39.93,4029203
50,1225,0.00,21.00,0.22,39.93,4029203
50,1225,0.00,21.00,0.22,39.93,4029203
50,1225,0.00,21.00,0.37,40.57,2528755
50,1225,0.00,13.09,0.23,25.29,2528199
50,1225,0.00,13.09,0.23,25.29,2528199
50,1225,0.00,13.09,0.38,24.68,2575595
50,1225,0.00,28.54,0.83,53.82,2575543
50,1225,0.00,28.54,0.83,53.82,2575543
50,1225,0.00,28.54,0.44,55.84,4140891
50,1225,0.00,31.58,0.49,61.78,4140504
50,1225,0.00,31.58,0.49,61.78,4140504
50,1225,0.00,31.58,0.69,60.39,4263357
50,1225,0.00,1.79,0.04,3.43,4265644
50,1225,0.00,1.79,0.04,3.43,4265644
50,1225,0.00,1.79,0.04,3.43,4265644
50,1225,0.00,1.79,0.01,3.55,4104681
50,1225,0.00,36.51,0.26,72.15,4103088
50,1225,0.00,36.51,0.26,72.15,4103088
50,1225,0.00,36.51,0.47,72.25,3867353
50,1225,0.00,14.74,0.19,29.17,3867019
50,1225,0.00,14.74,0.19,29.17,3867019
50,1225,0.00,14.74,0.68,28.47,2434221
50,1225,0.00,40.69,1.89,78.61,2433839
50,1225,0.00,40.69,1.89,78.61,2433839
50,1225,0.00,40.69,2.38,76.84,3366508
50,1225,0.00,14.36,0.84,27.12,3366306
50,1225,0.00,14.36,0.84,27.12,3366306
50,1225,0.00,14.36,0.84,27.12,3366306
50,1225,0.00,14.36,0.37,27.53,1831148
50,1225,0.00,20.06,0.52,38.46,1831493
50,1225,0.00,20.06,0.52,38.46,1831493
50,1225,0.00,20.06,0.51,37.58,4343124
50,1225,0.00,48.38,1.24,90.63,4343828
50,1225,0.00,48.38,1.24,90.63,4343828
50,1225,0.00,48.38,0.84,95.71,3599603
50,1225,0.00,49.85,0.86,98.62,3599006
50,1225,0.00,49.85,0.86,98.62,3599006
50,1225,0.00,49.85,0.86,98.62,3599006
50,1225,0.00,49.85,0.76,97.42,3139793
50,1225,0.00,27.91,0.42,54.54,3140065
50,1225,0.00,27.91,0.42,54.54,3140065
50,1225,0.00,27.91,0.41,52.97,3174596
50,1225,0.00,11.58,0.17,21.99,3174258
50,1225,0.00,11.58,0.17,21.99,3174258
50,1225,0.00,11.58,0.17,21.99,3174258
50,1225,0.00,11.58,0.35,22.36,2925426
50,1225,0.00,16.14,0.49,31.15,2925638
50,1225,0.00,16.14,0.49,31.15,2925638
50,1225,0.00,16.14,0.56,31.54,3724252
50,1225,0.00,33.48,1.15,65.44,3724199
50,1225,0.00,33.48,1.15,65.44,3724199
50,1225,0.00,33.48,1.01,64.70,3721153
50,1225,0.00,11.63,0.35,22.48,3721624
50,1225,0.00,11.63,0.35,22.48,3721624
50,1225,0.00,11.63,0.61,22.99,2929801
50,1225,0.00,29.44,1.55,58.20,2929696
50,1225,0.00,29.44,1.55,58.20,2929696
50,1225,0.00,29.44,1.55,58.20,2929696
50,1225,0.00,29.44,1.61,56.76,2975346
50,1225,0.00,25.63,1.40,49.42,2975176
50,1225,0.00,25.63,1.40,49.42,2975176
50,1225,0.00,25.63,1.63,49.81,2964042
50,1225,0.00,19.39,1.24,37.68,2964164
50,1225,0.00,19.39,1.24,37.68,2964164
50,1225,0.00,19.39,0.95,38.29,5034603
50,1225,0.00,45.71,2.23,90.28,5034477
50,1225,0.00,45.71,2.23,90.28,5034477
50,1225,0.00,45.71,0.90,89.88,2934401
50,1225,0.00,34.05,0.67,66.95,2934495
50,1225,0.00,34.05,0.67,66.95,2934495
50,1225,0.00,34.05,0.67,66.95,2934495
50,1225,0.00,34.05,0.56,64.24,3220746
50,1225,0.00,24.35,0.40,45.93,3220373
50,1225,0.00,24.35,0.40,45.93,3220373
50,1225,0.00,24.35,0.11,47.83,2982223
50,1225,0.00,45.75,0.21,89.88,2981727
50,1225,0.00,45.75,0.21,89.88,2981727
50,1225,0.00,45.75,1.30,89.28,4642696
50,1225,0.00,11.22,0.32,21.90,4642561
50,1225,0.00,11.22,0.32,21.90,4642561
50,1225,0.00,11.22,0.36,21.83,3504301
50,1225,0.00,36.52,1.17,71.03,3504442
50,1225,0.00,36.52,1.17,71.03,3504442
50,1225,0.00,36.52,1.17,71.03,3504442
50,1225,0.00,36.52,0.46,69.31,3207008
50,1225,0.00,27.26,0.34,51.73,3207033
50,1225,0.00,27.26,0.34,51.73,3207033
50,1225,0.00,27.26,0.49,52.47,3396547
50,1225,0.00,43.19,0.78,83.14,3396727
50,1225,0.00,43.19,0.78,83.14,3396727
50,1225,0.00,43.19,1.69,81.23,3545029
50,1225,0.00,2.49,0.10,4.68,3548207
50,1225,0.00,2.49,0.10,4.68,3548207
50,1225,0.00,2.49,0.05,4.80,3092121
50,1225,0.00,8.34,0.18,16.07,3089063
50,1225,0.00,8.34,0.18,16.07,3089063
50,1225,0.00,8.34,0.18,16.07,3089063
50,1225,0.00,8.34,0.33,15.92,3444109
50,1225,0.00,13.98,0.56,26.67,3444068
50,1225,0.00,13.98,0.56,26.67,3444068
50,1225,0.00,13.98,0.29,26.71,3596784
50,1225,0.00,43.70,0.91,83.53,3596275
50,1225,0.00,43.70,0.91,83.53,3596275
50,1225,0.00,43.70,0.73,83.45,3016554
50,1225,0.00,25.76,0.43,49.18,3016203
50,1225,0.00,25.76,0.43,49.18,3016203
50,1225,0.00,25.76,0.43,49.18,3016203
50,1225,0.00,25.76,0.38,49.40,4613904
50,1225,0.00,23.05,0.34,44.22,4614092
50,1225,0.00,23.05,0.34,44.22,4614092
50,1225,0.00,23.05,0.71,44.16,3786040
50,1225,0.00,48.62,1.49,93.14,3785515
50,1225,0.00,48.62,1.49,93.14,3785515
50,1225,0.00,48.62,0.29,93.21,3468874
50,1225,0.00,41.52,0.25,79.59,3468896
50,1225,0.00,41.52,0.25,79.59,3468896
50,1225,0.00,41.52,0.03,78.73,3519806
50,1225,0.00,13.72,0.01,26.02,3519984
50,1225,0.00,13.72,0.01,26.02,3519984
50,1225,0.00,13.72,0.01,26.02,3519984
50,1225,0.00,13.72,0.42,26.12,3323715
50,1225,0.00,2.95,0.09,5.63,3326066
50,1225,0.00,2.95,0.09,5.63,3326066
50,1225,0.00,2.95,0.05,5.74,3444949
50,1225,0.00,0.54,0.01,1.05,3438081
50,1225,0.00,0.54,0.01,1.05,3438081
50,1225,0.00,0.54,0.02,1.04,3054372
50,1225,0.00,23.15,0.93,44.64,3059289
50,1225,0.00,23.15,0.93,44.64,3059289
50,1225,0.00,23.15,0.71,45.44,3429612
50,1225,0.00,48.42,1.48,95.03,3429944
50,1225,0.00,48.42,1.48,95.03,3429944
50,1225,0.00,48.42,1.48,95.03,3429944
50,1225,0.00,48.42,0.73,93.17,2776953
50,1225,0.00,44.34,0.67,85.32,2776681
50,1225,0.00,44.34,0.67,85.32,2776681
50,1225,0.00,44.34,1.24,82.30,3021173
50,1225,0.00,17.83,0.50,33.10,3021055
50,1225,0.00,17.83,0.50,33.10,3021055
50,1225,0.00,17.83,0.74,35.11,3237897
50,1225,0.00,6.67,0.28,13.14,3237962
50,1225,0.00,6.67,0.28,13.14,3237962
50,1225,0.00,6.67,0.17,13.04,3561045
50,1225,0.00,22.66,0.57,44.27,3560707
50,1225,0.00,22.66,0.57,44.27,3560707
50,1225,0.00,22.66,0.57,44.27,3560707
50,1225,0.00,22.66,0.15,41.16,2799624
50,1225,0.00,4.15,0.03,7.54,2800750
50,1225,0.00,4.15,0.03,7.54,2800750
50,1225,0.00,4.15,0.16,7.95,4069533
50,1225,0.00,4.78,0.18,9.16,4068770
50,1225,0.00,4.78,0.18,9.16,4068770
50,1225,0.00,4.78,0.09,9.22,3550034
50,1225,0.00,11.14,0.20,21.48,3549326
50,1225,0.00,11.14,0.20,21.48,3549326
50,1225,0.00,11.14,0.17,21.87,2857273
50,1225,0.00,42.04,0.64,82.53,2857366
50,1225,0.00,42.04,0.64,82.53,2857366
50,1225,0.00,42.04,0.64,82.53,2857366
50,1225,0.00,42.04,0.59,81.01,2681615
50,1225,0.00,1.19,0.02,2.29,2680528
50,1225,0.00,1.19,0.02,2.29,2680528
50,1225,0.00,1.19,0.04,2.30,2109565
50,1225,0.00,27.26,0.99,52.73,2109918
50,1225,0.00,27.26,0.99,52.73,2109918
50,1225,0.00,27.26,0.75,52.57,2920556
50,1225,0.00,48.82,1.35,94.16,2920762
50,1225,0.00,48.82,1.35,94.16,2920762
50,1225,0.00,48.82,1.11,91.73,3115213
50,1225,0.00,1.08,0.02,2.03,3113940
50,1225,0.00,1.08,0.02,2.03,3113940
50,1225,0.00,1.08,0.02,2.03,3113940
50,1225,0.00,1.08,0.01,2.02,3049419
50,1225,0.00,2.45,0.02,4.57,3054787
50,1225,0.00,2.45,0.02,4.57,3054787
50,1225,0.00,2.45,0.12,4.64,2152080
50,1225,0.00,2.23,0.11,4.23,2152020
50,1225,0.00,2.23,0.11,4.23,2152020
50,1225,0.00,2.23,0.07,4.34,2669795
50,1225,0.00,43.62,1.36,84.95,2666991
50,1225,0.00,43.62,1.36,84.95,2666991
50,1225,0.00,43.62,1.91,84.82,2769044
50,1225,0.00,38.46,1.69,74.78,2769145
50,1225,0.00,38.46,1.69,74.78,2769145
50,1225,0.00,38.46,1.69,74.78,2769145
50,1225,0.00,38.46,0.48,75.23,3730147
50,1225,0.00,30.67,0.38,59.99,3730257
50,1225,0.00,30.67,0.38,59.99,3730257
50,1225,0.00,30.67,1.14,58.44,4226192
50,1225,0.00,27.70,1.03,52.77,4226485
50,1225,0.00,27.70,1.03,52.77,4226485
50,1225,0.00,27.70,0.47,54.40,3664342
50,1225,0.00,48.77,0.83,95.79,3664231
50,1225,0.00,48.77,0.83,95.79,3664231
50,1225,0.00,48.77,0.28,96.64,3756369
50,1225,0.00,48.66,0.28,96.42,3756570
50,1225,0.00,48.66,0.28,96.42,3756570
50,1225,0.00,48.66,0.28,96.42,3756570
50,1225,0.00,48.66,1.04,91.93,2082567
50,1225,0.00,15.19,0.32,28.70,2083212
50,1225,0.00,15.19,0.32,28.70,2083212
50,1225,0.00,15.19,0.23,29.66,2785104
50,1225,0.00,3.97,0.06,7.74,2786224
50,1225,0.00,3.97,0.06,7.74,2786224
50,1225,0.00,3.97,0.02,7.67,2525793
50,1225,0.00,15.43,0.07,29.82,2524523
50,1225,0.00,15.43,0.07,29.82,2524523
50,1225,0.00,15.43,0.41,29.40,2478488
50,1225,0.00,47.36,1.24,90.25,2478908
50,1225,0.00,47.36,1.24,90.25,2478908
50,1225,0.00,47.36,1.24,90.25,2478908
50,1225,0.00,47.36,0.45,92.42,2908824
50,1225,0.00,35.86,0.34,69.98,2908931
50,1225,0.00,35.86,0.34,69.98,2908931
50,1225,0.00,35.86,1.19,65.64,2932499
50,1225,0.00,13.76,0.46,25.18,2932764
50,1225,0.00,13.76,0.46,25.18,2932764
50,1225,0.00,13.76,0.24,27.25,2612983
50,1225,0.00,4.44,0.08,8.79,2613510
50,1225,0.00,4.44,0.08,8.79,2613510
50,1225,0.00,4.44,0.12,8.29,4217078
50,1225,0.00,19.19,0.52,35.82,4215718
50,1225,0.00,19.19,0.52,35.82,4215718
50,1225,0.00,19.19,0.21,36.77,3316323
50,1225,0.00,2.22,0.02,4.25,3318895
50,1225,0.00,2.22,0.02,4.25,3318895
50,1225,0.00,2.22,0.02,4.25,3318895
50,1225,0.00,2.22,0.02,4.31,3219970
50,1225,0.00,11.97,0.12,23.26,3217091
50,1225,0.00,11.97,0.12,23.26,3217091
50,1225,0.00,11.97,0.44,22.75,3642003
50,1225,0.00,27.72,1.01,52.67,3642061
50,1225,0.00,27.72,1.01,52.67,3642061
50,1225,0.00,27.72,0.74,50.50,3367329
50,1225,0.00,10.09,0.27,18.39,3367210
50,1225,0.00,10.09,0.27,18.39,3367210
50,1225,0.00,10.09,0.11,18.96,3722658
50,1225,0.00,20.12,0.22,37.80,3722882
50,1225,0.00,20.12,0.22,37.80,3722882
50,1225,0.00,20.12,0.22,37.80,3722882
50,1225,0.00,20.12,0.57,37.43,2893383
50,1225,0.00,17.05,0.48,31.74,2893377
50,1225,0.00,17.05,0.48,31.74,2893377
50,1225,0.00,17.05,0.54,31.63,2858377
50,1225,0.00,3.24,0.10,6.00,2859878
50,1225,0.00,3.24,0.10,6.00,2859878
50,1225,0.00,3.24,0.10,6.26,2959613
50,1225,0.00,30.53,0.95,59.08,2957739
50,1225,0.00,30.53,0.95,59.08,2957739
50,1225,0.00,30.53,0.80,58.02,3045514
50,1225,0.00,13.04,0.34,24.78,3045334
50,1225,0.00,13.04,0.34,24.78,3045334
50,1225,0.00,13.04,0.34,24.78,3045334
50,1225,0.00,13.04,0.57,25.58,3270171
50,1225,0.00,39.02,1.71,76.51,3269918
50,1225,0.00,39.02,1.71,76.51,3269918
50,1225,0.00,39.02,1.20,76.82,3524056
50,1225,0.00,37.99,1.17,74.79,3524418
50,1225,0.00,37.99,1.17,74.79,3524418
50,1225,0.00,37.99,0.67,69.42,3108004
50,1225,0.00,31.66,0.56,57.86,3108309
50,1225,0.00,31.66,0.56,57.86,3108309
50,1225,0.00,31.66,0.97,59.71,3275939
50,1225,0.00,39.81,1.22,75.08,3275919
50,1225,0.00,39.81,1.22,75.08,3275919
50,1225,0.00,39.81,1.22,75.08,3275919
50,1225,0.00,39.81,0.15,77.44,3305436
50,1225,0.00,6.85,0.03,13.33,3305761
50,1225,0.00,6.85,0.03,13.33,3305761
50,1225,0.00,6.85,0.13,13.26,3747490
50,1225,0.00,17.20,0.32,33.30,3747134
50,1225,0.00,17.20,0.32,33.30,3747134
50,1225,0.00,17.20,0.14,33.44,3935927
50,1225,0.00,42.94,0.34,83.46,3936071
50,1225,0.00,42.94,0.34,83.46,3936071
50,1225,0.00,42.94,1.24,79.79,4077369
50,1225,0.00,4.72,0.14,8.76,4079392
50,1225,0.00,4.72,0.14,8.76,4079392
50,1225,0.00,4.72,0.14,8.76,4079392
50,1225,0.00,4.72,0.06,9.30,2367890
50,1225,0.00,29.28,0.38,57.75,2367053
50,1225,0.00,29.28,0.38,57.75,2367053
50,1225,0.00,29.28,0.34,57.16,3791853
50,1225,0.00,45.74,0.53,89.30,3791611
50,1225,0.00,45.74,0.53,89.30,3791611
50,1225,0.00,45.74,1.27,90.17,3537422
50,1225,0.00,7.02,0.19,13.84,3538386
50,1225,0.00,7.02,0.19,13.84,3538386
50,1225,0.00,7.02,0.35,13.75,4197108
50,1225,0.00,28.75,1.42,56.32,4196830
50,1225,0.00,28.75,1.42,56.32,4196830
50,1225,0.00,28.75,1.42,56.32,4196830
50,1225,0.00,28.75,1.15,55.30,3239697
50,1225,0.00,29.91,1.20,57.54,3239954
50,1225,0.00,29.91,1.20,57.54,3239954
50,1225,0.00,29.91,0.00,54.65,3791779
50,1225,0.00,45.08,0.01,82.35,3792110
50,1225,0.00,45.08,0.01,82.35,3792110
50,1225,0.00,45.08,0.32,88.87,3187452
50,1225,0.00,21.45,0.15,42.29,3187504
50,1225,0.00,21.45,0.15,42.29,3187504
50,1225,0.00,21.45,0.33,41.14,3213340
50,1225,0.00,43.49,0.66,83.40,3213279
50,1225,0.00,43.49,0.66,83.40,3213279
50,1225,0.00,43.49,0.66,83.40,3213279
50,1225,0.00,43.49,0.73,79.84,2951027
50,1225,0.00,27.88,0.47,51.19,2951185
50,1225,0.00,27.88,0.47,51.19,2951185
50,1225,0.00,27.88,0.91,52.58,4632733
50,1225,0.00,14.82,0.48,27.95,4633104
50,1225,0.00,14.82,0.48,27.95,4633104
50,1225,0.00,14.82,0.40,28.60,3538411
50,1225,0.00,26.12,0.70,50.39,3538504
50,1225,0.00,26.12,0.70,50.39,3538504
50,1225,0.00,26.12,0.41,50.08,3357044
50,1225,0.00,6.24,0.10,11.97,3357127
50,1225,0.00,6.24,0.10,11.97,3357127
50,1225,0.00,6.24,0.10,11.97,3357127
50,1225,0.00,6.24,0.10,11.44,3815724
50,1225,0.00,5.40,0.09,9.91,3815465
50,1225,0.00,5.40,0.09,9.91,3815465
50,1225,0.00,5.40,0.06,10.36,3728612
50,1225,0.00,36.54,0.42,70.04,3728195
50,1225,0.00,36.54,0.42,70.04,3728195
50,1225,0.00,36.54,1.92,68.07,3615399
50,1225,0.00,25.09,1.32,46.75,3615150
50,1225,0.00,25.09,1.32,46.75,3615150
50,1225,0.00,25.09,1.32,46.75,3615150
50,1225,0.00,25.09,0.45,47.76,3795545
50,1225,0.00,10.35,0.19,19.70,3795530
50,1225,0.00,10.35,0.19,19.70,3795530
50,1225,0.00,10.35,0.36,19.35,2751248
50,1225,0.00,24.68,0.86,46.14,2751328
50,1225,0.00,24.68,0.86,46.14,2751328
50,1225,0.00,24.68,0.42,45.86,3631322
50,1225,0.00,15.97,0.27,29.68,3631131
50,1225,0.00,15.97,0.27,29.68,3631131
50,1225,0.00,15.97,0.68,30.77,2969124
50,1225,0.00,14.30,0.61,27.55,2969327
50,1225,0.00,14.30,0.61,27.55,2969327
50,1225,0.00,14.30,0.61,27.55,2969327
50,1225,0.00,14.30,0.17,27.11,3366451
50,1225,0.00,0.15,0.00,0.28,3359744
50,1225,0.00,0.15,0.00,0.28,3359744
50,1225,0.00,0.15,0.00,0.28,3426856
50,1225,0.00,4.03,0.11,7.54,3435162
50,1225,0.00,4.03,0.11,7.54,3435162
50,1225,0.00,4.03,0.04,7.66,3881358
50,1225,0.00,14.46,0.14,27.50,3880291
50,1225,0.00,14.46,0.14,27.50,3880291
50,1225,0.00,14.46,0.14,27.50,3880291
50,1225,0.00,14.46,0.30,27.78,3223004
50,1225,0.00,14.92,0.30,28.67,3223334
50,1225,0.00,14.92,0.30,28.67,3223334
50,1225,0.00,14.92,0.37,28.88,2293918
50,1225,0.00,19.81,0.49,38.34,2294121
50,1225,0.00,19.81,0.49,38.34,2294121
50,1225,0.00,19.81,0.53,38.57,4328758
50,1225,0.00,6.88,0.18,13.40,4328824
50,1225,0.00,6.88,0.18,13.40,4328824
50,1225,0.00,6.88,0.18,13.40,4328824
50,1225,0.00,6.88,0.22,13.05,3250700
50,1225,0.00,31.39,1.02,59.52,3250567
50,1225,0.00,31.39,1.02,59.52,3250567
50,1225,0.00,31.39,0.50,61.94,4313864
50,1225,0.00,15.14,0.24,29.88,4313933
50,1225,0.00,15.14,0.24,29.88,4313933
50,1225,0.00,15.14,0.47,29.10,3384244
50,1225,0.00,49.53,1.53,95.18,3383984
50,1225,0.00,49.53,1.53,95.18,3383984
50,1225,0.00,49.53,0.87,98.44,4272069
50,1225,0.00,12.26,0.22,24.37,4271320
50,1225,0.00,12.26,0.22,24.37,4271320
50,1225,0.00,12.26,0.22,24.37,4271320
50,1225,0.00,12.26,0.36,22.49,2649057
50,1225,0.00,6.55,0.19,12.01,2648614
50,1225,0.00,6.55,0.19,12.01,2648614
50,1225,0.00,6.55,0.13,12.41,3103214
50,1225,0.00,2.18,0.04,4.14,3106292
50,1225,0.00,2.18,0.04,4.14,3106292